4000031
4000033
4000035
4000037
4000039
4000041
4000043
4000045
4000047
4000049
4000051
4000053
4000055
4000057
4000059
4000061
4000063
4000001
4000003
4000005
4000007
4000009
4000011
4000013
4000015
4000017
4000019
4000021
4000023
4000025
4000027
4000029
4000031
4000033
4000035
4000037
4000039
4000041
4000043
4000045
4000047
4000049
4000051
4000053
4000055
4000057
4000059
4000061
4000063
4000001
4000003
4000005
4000007
4000009
4000011
4000013
4000015
4000017
4000019
4000021
4000023
4000025
4000027
4000029
4000031_
4000033_
4000035
4000037
4000039
4000041
4000043
4000045
4000047
4000049
4000051
4000053
4000055
4000057
4000059
4000061
4000063
4000001
4000003
4000005
4000007
4000009
4000011
4000035
4000037
4000039
4000041
4000043
4000045
4000047
4000001_
4000003_
4000005_
4000007_
4000009_
4000011_
4000013
4000015
4000017
4000021
4000023
4000025
4000027
4000029
4000031
4000033
4000035
4000037
4000039
4000041
4000043
4000045
4000047
4000001
4000003
4000005
4000007
4000009
4000011
4000013
4000015
4000017
4000021
4000023
4000025
4000027
4000029
4000031
4000033
4000035
4000037
4000039
4000041
4000043
4000045
4000047
4000001
4000003
4000005
4000007
4000009
4000011
4000013
4000015
4000017
4000021
4000023
4000025
4000027
4000029
4000031
4000033
4000035
4000037
4000039
4000041
4000043
4000045
4000047
4000001
4000003
4000005
4000007
4000009
4000011
4000013
4000015
4000017
4000021
4000023
4000025
4000027
4000029
4000031
4000033
4000035
4000037
4000039
4000041
4000043
4000045
4000047
4000001
4000003
4000005
4000007
4000009
4000011
4000013
4000015
4000017
4000019
4000021
4000023
4000025
4000027
4000029
4000031
4000033
4000035
4000037
4000039
4000041
4000043
4000045
4000047
4000001
4000003
4000005
4000007
4000009
4000011
4000013
4000015
4000017
4000019
4000021
4000035
4000037
4000039
4000041
4000043
4000045
4000047
4000001
4000003
4003100
4003200
4003300
4003400
4003500
4003600
4003700
4003800
4003900
4004000
4004100
4004200
4004300
4004400
4004500
4004600
4004700
4004800
4004900
4005000
4005100
4005200
4005300
4005400
4005500
4005600
4005700
4005800
4005900
4006000
4006100
4006200
4006300
4006400
4006500
4006600
4006700
4006800
4006900
4007000
4007100
4007200
4007300
4007400
4007500
4007600
4007700
4007800
4007900
4008000
4008100
4008200
4008300
4008400
4008500
4008600
4008700
4008800
4008900
4009000
4009100
4009200
4009300
4009400
4009500
4009600
4009700
4009800
4009900
4010000
4010100
4100001
4100003
4100005
4100007
4100009
4100011
4100013
4100015
4100017
4100019
4100021
4100023
4200001
4200003
4200005
4200007
4200009
4200011
4200013
4200015
4200017
4200019
4200021
4200023
4300001
4300003
4300005
4300007
4300009
4300011
4300013
4300015
4300017
4300019
4300021
4300023
4400001
4400003
4400005
4400007
4400009
4400011
4400013
4400015
4400017
4400019
4400021
4400023
4500001
4500003
4500005
4500007
4500009
4500011
4500013
4500015
4500017
4500019
4500021
4500023
4100001
4100003
4100005
4100007
4100009
4100011
4100013
4100015
4100017
4100019
4100021
4100023
4200001
4200003
4200005
4200007
4200009
4200011
4200013
4200015
4200017
4200019
4200021
4200023
4300001
4300003
4300005
4300007
4300009
4300011
4300013_
4300015_
4300017_
4300019_
4300021_
4300023_
4400001_
4400003_
4400005_
4400007_
4400009_
4400011_
4400013_
4400015_
4400017_
4400019_
4400021_
4400023_
4500001_
4500003_
4500005_
4500007_
4500009_
4500011_
4500013_
4500015_
4500017_
4500019_
4500021_
4500023_
4100001_
4100003_
4100005_
4100007_
4100009_
4100011_
4100013
4100015
4100017
4100019
4100021
4100023
4200001
4200003
4200005
4200007
4200009
4200011
4200013
4200015
4200017
4200019
4200021
4200023
4300001
4300003
4300005
4300007
4300009
4300011
4300013
4300015
4300017
4300019
4300021
4300023
4400001
4400003
4400005
4400007
4400009
4400011
4400013
4400015
4400017
4400019
4400021
4400023
4500001
4500003
4500005
4500007
4500009
4500011
4500013
4500015
4500017
4500019
4500021
4500023
4100001
4100003
4100005
4100007
4100009
4100011
4100013_
4100015_
4100017_
4100019_
4100021_
4100023_
4200001_
4200003_
4200005_
4200007_
4200009_
4200011_
4200013_
4200015_
4200017_
4200019_
4200021_
4200023_
4300001_
4300003_
4300005_
4300007_
4300009_
4300011_
4300013_
4300015_
4300017_
4300019_
4300021_
4300023_
4400001_
4400003_
4400005_
4400007_
4400009_
4400011
4400013
4400015
4400017
4400019
4400021
4400023
4500001
4500003
4500005
4500007
4500009
4500011
4500013
4500015
4500017
4500019
4500021
4500023
4100001
4100003
4100005
4100007
4100009
4100011
4100013
4100015
4100017
4100019
4100021
4100023
4200001
4200003
4200005
4200007
4200009
4200011
4200013
4200015
4200017
4200019
4200021
4200023
4300001
4300003
4300005
4300007
4300009
4300011
4300013
4300015
4300017
4300019
4300021
4300023
4400001
4400003
4400005
4400007
4400009
4400011_
4400013_
4400015_
4400017_
4400019_
4400021_
4400023_
4500001_
4500003_
4500005_
4500007_
4500009_
4500011_
4500013_
4500015_
4500017_
4500019_
4500021_
4500023_
4100001_
4100003_
4100005_
4100007_
4100009_
4100011_
4100013_
4100015_
4100017_
4100019_
4100021_
4100023_
4200001_
4200003_
4200005_
4200007_
4200009_
4200011
4200013
4200015
4200017
4200019
4200021
4200023
4300001
4300003
4300005
4300007
4300009
4300011
4300013
4300015
4300017
4300019
4300021
4300023
4400001
4400003
4400005
4400007
4400009
4400011
4400013
4400015
4400017
4400019
4400021
4400023
4500001
4500003
4500005
4500007
4500009
4500011
4500013
4500015
4500017
4500019
4500021
4500023
4100001
4100003
4100005
4100007
4100009
4100011
4100013
4100015
4100017
4100019
4100021
4100023
4200001
4200003
4200005
4200007
4200009
4200011_
4200013_
4200015_
4200017_
4200019_
4200021_
4200023_
4300001_
4300003_
4300005_
4300007_
4300009_
4300011_
4300013_
4300015_
4300017_
4300019_
4300021_
4300023_
4400001_
4400003_
4400005_
4400007_
4400009_
4400011_
4400013_
4400015_
4400017_
4400019_
4400021_
4400023_
4500001_
4500003_
4500005_
4500007_
4500009
4500011
4500013
4500015
4500017
4500019
4500021
4500023
4100001
4100003
4100005
4100007
4100009
4100011
4100013
4100015
4100017
4100019
4100021
4100023
4200001
4200003
4200005
4200007
4200009
4200011
4200013
4200015
4200017
4200019
4200021
4200023
4300001
4300003
4300005
4300007
4300009
4300011
4300013
4300015
4300017
4300019
4300021
4300023
4400001
4400003
4400005
4400007
4400009
4400011
4400013
4400015
4400017
4400019
4400021
4400023
4500001
4500003
4500005
4500007
4500009_
4500011_
4500013_
4500015_
4500017_
4500019_
4500021_
4500023_
4100001_
4100003_
4100005_
4100007_
4100009_
4100011_
4100013_
4100015_
4100017_
4100019_
4100021_
4100023_
4200001_
4200003_
4200005_
4200007_
4200009_
4200011_
4200013_
4200015_
4200017_
4200019_
4200021_
4200023_
4300001_
4300003_
4300005_
4300007_
4300009
4300011
4300013
4300015
4300017
4300019
4300021
4300023
4400001
4400003
4400005
4400007
4400009
4400011
4400013
4400015
4400017
4400019
4400021
4400023
4500001
4500003
4500005
4500007
4500009
4500011
4500013
4500015
4500017
4500019
4500021
4500023
4100001
4100003
4100005
4100007
4100009
4100011
4100013
4100015
4100017
4100019
4100021
4100023
4200001
4200003
4200005
4200007
4200009
4200011
4200013
4200015
4200017
4200019
4200021
4200023
4300001
4300003
4300005
4300007
4300009_
4300011_
4300013_
4300015_
4300017_
4300019_
4300021_
4300023_
4400001_
4400003_
4400005_
4400007_
4400009_
4400011_
4400013_
4400015_
4400017_
4400019_
4400021_
4400023_
4500001_
4500003_
4500005_
4500007_
4500009_
4500011_
4500013_
4500015_
4500017_
4500019_
4500021_
4500023_
4100001_
4100003_
4100005_
4100007
4100009
4100011
4100013
4100015
4100017
4100019
4100021
4100023
4200001
4200003
4200005
4200007
4200009
4200011
4200013
4200015
4200017
4200019
4200021
4200023
4300001
4300003
4300005
4300007
4300009
4300011
4300013
4300015
4300017
4300019
4300021
4300023
4400001
4400003
4400005
4400007
4400009
4400011
4400013
4400015
4400017
4400019
4400021
4400023
4500001
4500003
4500005
4500007
4500009
4500011
4500013
4500015
4500017
4500019
4500021
4500023
4100001
4100003
4100005
4100007_
4100009_
4100011_
4100013_
4100015_
4100017_
4100019_
4100021_
4100023_
4200001_
4200003_
4200005_
4200007_
4200009_
4200011_
4200013_
4200015_
4200017_
4200019_
4200021_
4200023_
4300001_
4300003_
4300005_
4300007_
4300009_
4300011_
4300013_
4300015_
4300017_
4300019_
4300021_
4300023_
4400001_
4400003_
4400005_
4400007
4400009
4400011
4400013
4400015
4400017
4400019
4400021
4400023
4500001
4500003
4500005
4500007
4500009
4500011
4500013
4500015
4500017
4500019
4500021
4500023
4100001
4100003
4100005
4100007
4100009
4100011
4100013
4100015
4100017
4100019
4100021
4100023
4200001
4200003
4200005
4200007
4200009
4200011
4200013
4200015
4200017
4200019
4200021
4200023
4300001
4300003
4300005
4300007
4300009
4300011
4300013
4300015
4300017
4300019
4300021
4300023
4400001
4400003
4400005
4400007_
4400009_
4400011_
4400013_
4400015_
4400017_
4400019_
4400021_
4400023_
4500001_
4500003_
4500005_
4500007_
4500009_
4500011_
4500013_
4500015_
4500017_
4500019_
4500021_
4500023_
4100001_
4100003_
4100005_
4100007_
4100009_
4100011_
4100013_
4100015_
4100017_
4100019_
4100021_
4100023_
4200001_
4200003_
4200005
4200007
4200009
4200011
4200013
4200015
4200017
4200019
4200021
4200023
4300001
4300003
4300005
4300007
4300009
4300011
4300013
4300015
4300017
4300019
4300021
4300023
4400001
4400003
4400005
4400007
4400009
4400011
4400013
4400015
4400017
4400019
4400021
4400023
4500001
4500003
4500005
4500007
4500009
4500011
4500013
4500015
4500017
4500019
4500021
4500023
4100001
4100003
4100005
4100007
4100009
4100011
4100013
4100015
4100017
4100019
4100021
4100023
4200001
4200003
4200005_
4200007_
4200009_
4200011_
4200013_
4200015_
4200017_
4200019_
4200021_
4200023_
4300001_
4300003_
4300005_
4300007_
4300009_
4300011_
4300013_
4300015_
4300017_
4300019_
4300021_
4300023_
4400001_
4400003_
4400005_
4400007_
4400009_
4400011_
4400013_
4400015_
4400017_
4400019_
4400021_
4400023_
4500001_
4500003_
4500005_
4500007_
4500009_
4500011_
4500013_
4500015_
4500017_
4500019_
4500021_
4500023_
4100001_
4100003_
4100005_
4100007_
4100009_
4100011_
4100013
4100015
4100017
4100019
4100021
4100023
4200001_
4200003_
4200005_
4200007_
4200009_
4200011_
4200013
4200015
4200017
4200019
4200021
4200023
4300001_
4300003
4300005
4300007
4300009
4300011
4300013
4300015
4300017
4300019
4300021
4300023
4400001
4400003
4400005
4400007
4400009
4400011
4400013
4400015
4400017
4400019
4400021
4400023
4500001
4500003
4500005
4500007
4500009
4500011
4500013
4500015
4500017
4500019
4500021
4500023
4100001
4100003
4100005
4100007
4100009
4100011
4200001
4200003
4200005
4200007
4200009
4200011
4300001
4300003
4300005
4300007
4300009
4300011
4400001
4400003
4400005
4400007
4400009
4400011
4500001
4500003
4500005
4500007
4500009
4500011
4100001
4100003
4100005
4100007
4100009
4100011
4200001
4200003
4200005
4200007
4200009
4200011
4300001
4300003_
4300005_
4300007_
4300009_
4300011_
4400001_
4400003_
4400005_
4400007_
4400009_
4400011_
4500001_
4500003_
4500005_
4500007_
4500009_
4500011_
