jd, h2o, co2
2455494.5095779 0.0013830294106567424 0.0007395690393821025
2455494.5304115 0.001548696948953758 0.0009512102493662002
2455494.5512441 0.0014535047393259945 0.0007933687799810734
2455494.5720778 0.0016983939073929944 0.0006033898736321087
2455494.5929114 0.0015083183484098609 0.0006977957633367619
2455494.6137439 0.0010811736530945883 0.0005878310119288596
2455494.6345776 0.0011595846147955666 0.0004699324753378733
2455494.6554112 0.001313319008660362 0.0005400810322705726
2455494.6762448 0.0011557923638987823 0.00029970413380250963
2455494.6970775 0.0010986347607044803 0.00039687246414795205
2455494.7179112 0.0012472602037442398 0.00021744771729655706
2455494.7387446 0.00134869592707054 0.00034547407043778366
2455494.7595772 0.0011418535649003385 0.00016322430901119796
2455494.7804109 0.0008450901371587757 0.00013742474366041892
2455494.8012445 0.001026076435155588 0.00014089874868720992
2455494.822077 0.0012385096448703978 0.00011231706755484975
2455494.8429107 0.0012413238807417895 0.00018453950777451244
2455495.2005482 0.0 0.0
2455495.2213818 0.0009781099113136647 0.00021323963451037013
2455495.2422155 0.0010089522524690763 0.00029055363405806845
2455495.2630479 0.000909493424910609 0.0003444850634398923
2455495.2838816 0.000976090726329327 0.0003381911406980708
2455495.3047152 0.0010569217871540363 0.0005666872617346268
2455495.3255489 0.0011787632182314294 0.0004965271439672948
2455495.3463814 0.0013811430114325075 0.0006357453888638078
2455495.3672151 0.0011464101323071035 0.0006513195981757014
2455495.3880487 0.0011928338095881321 0.0005957732194471392
2455495.4088813 0.0012169048854515992 0.0005181814191015471
2455495.4297149 0.0012013822550522714 0.0005867946055975987
2455495.4505486 0.0014053308169638121 0.0005501451148772522
2455495.4713821 0.001409212363378893 0.0005424995973545826
2455495.4922148 0.0013923085643375312 0.0005610481040557254
2455495.5130484 0.0 0.0
2455495.5338819 0.0013622695557269232 0.00033346761412319256
2455495.5547147 0.0011430455603016127 0.00036842261092916514
2455495.5755484 0.0012878454586845655 0.0002926913408741249
2455495.5963821 0.0014260451562832636 0.00037187686692742415
2455495.6172144 0.0011878402180514314 0.00031693683200275025
2455495.638048 0.001066186071406617 0.0003145853370698672
2455495.6588817 0.0011654086811230177 0.0001947437875679446
2455495.6797152 0.001179893677834878 0.00015327608837684457
2455495.700548 0.0010685890486627026 0.00014113006930100764
2455495.7213816 0.0010950300599136388 0.00013162931575637704
2455495.7422151 0.0011221747699357383 9.676194572680995e-05
2455495.7630477 0.001051547419943171 0.00016040260091091947
2455495.7838814 0.0011072422033602707 0.00022768414787278712
2455495.804715 0.0008317821332769249 0.00018497042077126122
2455495.8255474 0.0008606481399643421 0.00021879263376653766
2455495.8463811 0.0008970936146095462 0.00030577974202217277
2455496.1554079 0.0 0.0
2455496.1762416 0.0015358207961541272 0.0002893909902597676
2455496.1970752 0.001431899270896876 0.00019795862138101227
2455496.2179079 0.001429360808457579 0.00030107768046980595
2455496.2387415 0.0012733898498197577 0.00013890584518509228
2455496.2595752 0.0014578008241486673 0.00017005806516189165
2455496.2804086 0.0 0.0
2455496.3012412 0.0014005352584150065 0.00024631269115781793
2455496.3220748 0.0015235617306028465 0.0002923649901776579
2455496.3429086 0.0013891026245621263 0.00024308519730621662
2455496.363741 0.0013064054600322027 0.00013781792050907634
2455496.3845747 0.001427623608124356 0.0002060640200196032
2455496.4054083 0.001242188664960587 0.00017983120034845864
2455496.426242 0.0011034029280662628 8.326860743822989e-05
2455496.4470745 0.0010894177245689826 0.0002147345839247663
2455496.4679081 0.0 0.0
2455496.4887417 0.0010889586142221266 0.00019246599573188332
2455496.5095742 0.0 0.0
2455496.530408 0.0010822884385470793 0.00026400865336454046
2455496.5512415 0.0013192749634032878 0.00020560439687842717
2455496.5720741 0.001288642459604053 0.00023700694220569584
2455496.5929077 0.0011396623860856605 0.00030049553098823706
2455496.6137414 0.0011853438559557695 0.00020623859777637907
2455496.634575 0.0012887145095104927 0.0003998724332641504
2455496.6554077 0.0015308818350005784 0.0005386839289322489
2455496.6762413 0.0013446623980653092 0.0006428004844731082
2455496.6970748 0.0015951579805896924 0.0007453006814258368
2455496.7179074 0.0014687578175108552 0.0008195834568248229
2455496.7387411 0.001648612937430499 0.0008325713477065575
2455496.7595747 0.0016431258948985143 0.0009798953480868982
2455496.7804073 0.0016714274171684554 0.0009881186732908919
2455496.8012409 0.0016609608225515483 0.0011072970877612223
2455497.5096954 0.0 0.0
2455497.5513614 0.0005032892202943232 0.0006162983214165344
2455497.5930275 0.0009663152083705683 0.0008146157302231983
2455497.6346937 0.0008794372459316186 0.0009282273324992266
2455497.6763598 0.001026593599080184 0.0009284101959497964
2455497.7180249 0.0009003424142590592 0.0009740504503541278
2455497.726871 0.0011313168156218965 0.0008636338421103649
2455497.7707352 0.0008684050253535499 0.000736024315568853
2455497.8124014 8.100180931157386e-05 -3.515472358275893e-05
2455497.8540687 0.0008354092943737079 0.0006718905069755657
2455497.8957349 0.0009069620197542116 0.000347675430495978
2455497.9374022 0.0006785885641508854 0.000343205408009773
2455497.9790684 0.0 0.0
2455498.0513611 0.0010494362009442983 0.00031247385041800974
2455498.0930272 0.0006291755942218628 0.0006443346268528024
2455498.1346933 0.0005660483017755427 0.0008368933782870023
2455498.1763595 0.0007728420429274542 0.0007943844024139046
2455498.2180255 0.0010320217901936871 0.0009699415692904004
2455498.2596906 0.001012893294375527 0.0009064712475838268
2455498.3013568 0.0011079759602333652 0.0007495936096648203
2455498.3430229 0.001061762450759441 0.0007467465461130772
2455498.3846892 0.0008828571156965431 0.0006417490244875045
2455498.4680214 0.0010013759951958369 0.0006488346045337358
2455498.5096864 0.000814788760135352 0.000605979204516146
2455498.5513526 0.0007736021160657628 0.0006517536770544903
2455498.5930187 0.0008037320874145821 0.0005040687621617226
2455498.634685 0.0006622816060808654 0.0004597018915205269
2455498.676351 0.0007297597303857945 0.00041247649998514985
2455498.7180172 0.0007109894380389481 0.00027507155501996786
2455498.7268701 0.0007852967888078948 0.00038816500076449946
2455498.7707343 0.006142514387579405 0.00028909846944771963
2455498.8124005 0.0003288884364010869 0.0001246094918121454
2455498.8540679 -0.00016498907712262555 -0.0001427280288684713
2455498.8957341 0.0006947704874593509 0.0003956318005838619
2455498.9374014 -0.00011150511815785054 -0.0001626178898807832
2455498.9790675 0.0011427669958189157 0.0009632240511464358
2455499.0513603 0.0 0.0
2455499.0930263 0.0 0.0
2455499.1346925 0.0 0.0
2455499.1763587 0.0 0.0
2455499.2180247 0.0 0.0
2455499.2596898 0.0 0.0
2455499.3013559 0.0 0.0
2455499.3430221 0.0 0.0
2455499.3846882 0.0 0.0
2455499.4680206 0.0 0.0
2455499.5096856 0.0007503067399599568 0.00047593115610801293
2455499.5513517 0.0007566702419663911 0.00040529814861704397
2455499.593018 0.0006953129406125811 0.00048649187341800787
2455499.6346841 0.0010149536750252524 0.0005394374376773127
2455499.6763502 0.0009790857954694542 0.0005736507396991228
2455499.7180164 0.001014466457978066 0.0006364773068483113
2455499.7268693 0.0006639984751236862 0.0002975159552610265
2455499.7707336 0.0 0.0
2455499.8123998 0.0013164690325922226 0.0006940193511624994
2455499.8540671 0.0012693265665961473 0.0011046625654055025
2455499.8957333 0.0016066896458356767 0.0012287441302721908
2455499.9374006 0.0015273512818973747 0.0015141012474493792
2455499.9790666 0.001572693572684263 0.001444252965680773
2455500.0513595 0.0 0.0
2455500.0930256 0.0012811892883465106 0.0010975067867655148
2455500.1346917 0.001283124586546905 0.0010143621552531719
2455500.1763578 0.001248722579530195 0.0007822908961671138
2455500.218024 0.0010894676322274653 0.0007570585420253749
2455500.259689 0.0011202379896052919 0.0006868606549984464
2455500.3013551 0.0010623025145198835 0.0006823439807938357
2455500.3430213 0.001043400925301463 0.0007842965597812345
2455500.3846874 0.0009534139417706852 0.0010189522993718058
2455500.4680199 0.001554527326204312 0.0013366789640134487
2455500.5096847 0.0018026060574364176 0.001459066012835692
2455500.5513509 0.0020617925137846695 0.0015452394578291096
2455500.593017 0.0022502054746264748 0.0015215099943867664
2455500.6346833 0.001907156760624168 0.0015408423700853718
2455500.6763493 0.001722737262472428 0.0011997168676302287
2455500.7180155 0.001669818855072053 0.0010681386231440077
2455500.7268674 0.0016399398269120525 0.001089012330898398
2455500.7707316 0.001575339524832399 0.000820217573129979
2455500.8123978 0.001487418088467603 0.0006984101750401866
2455500.8540651 0.0014946214842748691 0.0007223123220358973
2455500.8957312 0.001464368080913252 0.0007815979618016579
2455500.9373985 0.0015318545704420719 0.0006434204332678242
2455500.9790647 0.0012434119607133175 0.0006734441793038139
2455501.0513576 0.0 0.0
2455501.0930236 0.0010689040446967028 0.00057433608516213
2455501.1346897 0.0008440014201067849 0.0006449297309370333
2455501.1763559 0.0010258059571443278 0.000931298862746903
2455501.2180219 0.001249028848479512 0.0012861422400258554
2455501.2596871 0.0016299509604662118 0.0014667500488866744
2455501.3013533 0.002209137028432375 0.0019802077292863916
2455501.3430193 0.0024517654929267483 0.0021610601526105616
2455501.3846855 0.002534583413157268 0.002302935863909758
2455501.4680178 0.0027625522126932672 0.0022520199285197104
2455501.5096828 0.0027964640211681404 0.0020808941583383964
2455501.5513489 0.0024403650838978395 0.0017053759425933698
2455501.5930151 0.0022237911823039863 0.0013647902950362878
2455501.6346814 0.0 0.0
2455501.6763474 0.0018590356701755544 0.0010395116664451301
2455501.7180135 0.0017498833677292952 0.0009826351183288692
2455501.7268665 0.001871167384551043 0.0009032181332043665
2455501.7707307 0.001642631586083399 0.000904608609194766
2455501.812397 0.0020502682887406755 0.0007004634931530904
2455501.8540643 0.0016284573784831208 0.0007507077849206473
2455501.8957303 0.0015773428246447856 0.0008222265701913511
2455501.9373976 0.0019775289543595884 0.0009446701366559359
2455501.9790639 0.0016783258052602472 0.0011819295962949546
2455502.0513566 0.0 0.0
2455502.0930227 0.00240665491229017 0.0016516058154786644
2455502.1346889 0.0025011697516191386 0.0019459069304676856
2455502.176355 0.002554315435894259 0.0023300187872719283
2455502.2180211 0.0044750903840039425 0.0026481839877165484
2455502.2596861 0.0030945499631139604 0.002646105375485796
2455502.3013522 0.003334068900129126 0.0026852684958601067
2455502.3430184 0.0031311325752057012 0.002160579724747523
2455502.3846845 0.0024518017208603345 0.0017667068458129824
2455502.4263507 0.002512628000522269 0.0014312434435564889
2455502.4680168 0.00238915191676371 0.0015629239871323274
2455502.5096818 0.0020879655028094497 0.001621904331816007
2455502.551348 0.0020875832557862377 0.0012370759574970415
2455502.5930141 0.002315077796445841 0.0014294077670917017
2455502.6346803 0.002379962267402058 0.0017035713455804248
2455502.6763463 0.0024174759013021042 0.0022968159346023046
2455502.7180124 0.0031920532170777896 0.0025422224390546366
2455502.7268655 0.0035768122936883145 0.0024456577192714904
2455502.7707298 0.0037431385025242514 0.0024416881471670585
2455502.812396 0.00413593459550535 0.002861320513554493
2455502.8540633 0.0047318862537630724 0.0028496762162311764
2455502.8957294 0.0044210938978767505 0.002914066959066771
2455502.9373968 0.0043976469646135235 0.002396815331928403
2455502.9790629 0.004192744991000307 0.002432369588622417
2455503.3013548 0.0 0.0
2455503.3430208 0.0026419238564845604 0.0011671839226379856
2455503.384687 0.0027196295084891873 0.0012297164095992372
2455503.4263531 0.002771601235992947 0.001289109488787318
2455503.4680191 0.0029821777141195594 0.0016393220419653961
2455503.5096843 0.0 0.0
2455503.5513504 0.004404942775377323 0.003618761797914451
2455503.5930166 0.005291777276086117 0.0043188056804562835
2455503.6346827 0.0 0.0
2455503.6763488 0.006790640704494226 0.005316902947562605
2455503.7180149 0.006956282158111718 0.005239710353689779
2455503.7268645 0.007249235328982984 0.00498672615536501
2455503.7707287 0.007079302467789552 0.0050911531887760575
2455503.812395 0.0 0.0
2455503.8540623 0.0063940756142751055 0.004036672500780115
2455503.8957283 0.005907241917496847 0.003679731205521969
2455503.9373956 0.0054615218151829095 0.003351295016819362
2455503.9790619 0.004767334120774895 0.0029527070807497035
2455504.3360915 0.0 0.0
2455504.4194249 0.0 0.0
2455505.6266225 0.005143180364215568 0.0033342108664617992
2455505.6474559 0.00516123878843799 0.0033471927827382246
2455505.6682897 0.005033403132797618 0.0031405542073397884
2455505.6891233 0.004392167236968772 0.003141404770742551
2455505.7099558 0.003605459784460599 0.0030605231078932814
2455505.7307894 0.004029520130301259 0.0032563118420557108
2455505.7516231 0.005775431701637684 0.003409265086329688
2455505.7724555 0.004324636443684452 0.0037444617325772863
2455505.7932891 0.005207050835912621 0.004267929038561477
2455505.8141228 0.0 0.0
2455505.8349564 0.006695186345556986 0.005054751247230879
2455505.855789 0.008048853832421855 0.005909670613775643
2455505.8766226 0.008411717310875156 0.006146537642191954
2455505.8974562 0.00861415524521192 0.006424499364373232
2455505.9182887 0.009156977152502677 0.00647859373749886
2455505.9391222 0.009320439365913065 0.006823183294106536
2455505.9599559 0.009422199608219602 0.007381425064495702
2455505.9807896 0.00963788591545348 0.00761468705145796
2455506.001622 0.009469282665173018 0.007122285739010064
2455506.0224557 0.009185277280763422 0.006802216905445646
2455506.0432893 0.008825464001936897 0.006613433951997168
2455506.0641218 0.008057680973698906 0.006011745547434032
2455506.0849553 0.00811608522873478 0.005773323604623587
2455506.105789 0.007429040612754235 0.005549041891757536
2455506.1266226 0.007003445015945547 0.005072832198553157
2455506.1474552 0.006711585677991571 0.0047357078635771425
2455506.1682888 0.006284277599678548 0.004294415681353267
2455506.1891225 0.00544496110116299 0.004126787663819424
2455506.2099561 0.005413503227498878 0.0037836658995035175
2455506.2307887 0.004841082391287692 0.003580129228227184
2455506.2516223 0.004586096487579325 0.003265661401086885
2455506.2724559 0.004092846908996946 0.003111426245114177
2455506.2932883 0.0037207181177171616 0.0028190932775045835
2455506.3141219 0.003814548708811173 0.0027527541929665816
2455506.3349556 0.003514682240035446 0.002449095317373372
2455506.3557892 0.003156881059409893 0.0023210632469017442
2455506.3766219 0.003178664840523843 0.0023357788114372496
2455506.3974555 0.002967866280049009 0.0021644096996158053
2455506.4182892 0.003129261999790285 0.0020707430111452634
2455506.4391216 0.0028682021642184594 0.0022399945752138257
2455506.4599554 0.002733773903153847 0.002266593483176465
2455506.480789 0.0027900095726363194 0.0022845431829537346
2455506.5016225 0.0 0.0
2455506.522455 0.0 0.0
2455506.5432886 0.003350142497230844 0.0025051671766585025
2455506.5641223 0.0034745019014441494 0.002464355419604828
2455506.5849547 0.0039138583714056424 0.002715550889440207
2455506.6057884 0.0036488838139159805 0.0028301975699862726
2455506.626622 0.0035963502613506715 0.002701219590856034
2455506.6474556 0.0036477187260444736 0.0027203137150802205
2455506.6682881 0.0024525757655490615 0.002769939420561835
2455506.6891217 0.0033568472466614027 0.0028208336440414066
2455506.7099554 0.0036771210630823954 0.003192604480381261
2455506.7307879 0.0041572505196619735 0.00322928119322014
2455506.7516215 0.004221652269379274 0.0033593323676033493
2455506.7724551 0.004592900889341114 0.0033837186847668578
2455506.7932889 0.004875249339315477 0.003766545281264708
2455506.8141213 0.004808746129337942 0.0039731438896264
2455506.8349549 0.004261444525792805 0.00421054723878402
2455506.8557886 0.005338154882069906 0.0037816393626584426
2455506.876621 0.004933357009897319 0.003710856139759478
2455506.8974547 0.004713671364271683 0.003642043526903551
2455506.9182883 0.004312694959795239 0.0033250787823136414
2455506.939122 0.0040443693607635535 0.003306415826209922
2455506.9599544 0.0038545752466542967 0.00282292697698324
2455506.9807882 0.0036456429717124706 0.0025452098101080346
2455507.0016218 0.003783767749628909 0.0024382985226987296
2455507.0224542 0.0035178247268238707 0.002241286597689399
2455507.0432879 0.0033203005496366916 0.002075482173724105
2455507.0641215 0.0032182185348480167 0.0019729823146365224
2455507.0849552 0.0029758060437135437 0.0017611625849847164
2455507.1907528 0.0 0.0
2455507.2004753 0.0 0.0
2455507.2115866 0.0 0.0
2455507.2213089 0.0 0.0
2455507.2324201 0.0 0.0
2455507.2421426 0.0 0.0
2455507.2532527 0.0 0.0
2455507.262975 0.0 0.0
2455507.2740862 0.0 0.0
2455507.2838087 0.0 0.0
2455507.2949199 0.0 0.0
2455507.3046377 0.0 0.0
2455507.3157525 0.0 0.0
2455507.3254749 0.0 0.0
2455507.3365861 0.0 0.0
2455507.3463085 0.0 0.0
2455507.3574198 0.0 0.0
2455507.3671422 0.0 0.0
2455507.3782533 0.0 0.0
2455507.3879747 0.0 0.0
2455507.3990858 0.0 0.0
2455507.4088081 0.0 0.0
2455507.4199194 0.0 0.0
2455507.4296372 0.0 0.0
2455507.4407533 0.0 0.0
2455507.4504745 0.0 0.0
2455507.4615857 0.0 0.0
2455507.4713081 0.0 0.0
2455507.4824193 0.0 0.0
2455507.4921416 0.0 0.0
2455507.503253 0.0016286018866022026 0.0011833743861599567
2455507.5129742 0.004286925241572617 0.0023718231118746765
2455507.5240855 0.003922872099987244 0.0026800891556063447
2455507.5338078 0.003982919948600101 0.0024229661892316455
2455507.5449191 0.004205472016454426 0.002385280054068152
2455507.5546369 0.0037488692977476323 0.0021597749562889752
2455507.5657527 0.0036904784401620675 0.002243679643005129
2455507.5754739 0.003429905368284367 0.00200126936448131
2455507.5865853 0.0 0.0
2455507.5963076 0.0030823513704116945 0.002068142083356601
2455507.6074187 0.003240957141476294 0.0019877596780428284
2455507.6171411 0.0028670775013250587 0.001986111389282734
2455507.6282526 0.0026704804993543164 0.00187093921468499
2455507.6379737 0.0027707792724312756 0.001698289203068377
2455507.649085 0.0031309817329111724 0.0017768584442854512
2455507.6588073 0.0028227362088128257 0.0015769192078838366
2455507.6699186 0.0023745227134582157 0.0016354087199752874
2455507.6796363 0.0023103710128389225 0.001692817879183656
2455507.6907523 0.002649236300213772 0.0015502359567950486
2455507.7004747 0.002318277516517395 0.0014865278349720588
2455507.7115847 0.0023085333533231877 0.0014566657495024924
2455507.7213071 0.0022492988704089474 0.0014812335676501664
2455507.7324184 0.0021387483706442265 0.0013766342245423986
2455507.7421408 0.0022648603074714117 0.0015406130068932353
2455507.753252 0.002011591483245079 0.001386173416623999
2455507.7629744 0.0022429128947810835 0.0013211459287001631
2455507.7740846 0.002055474797576889 0.001301716128656862
2455507.7838068 0.00203203491778836 0.0013805735427968543
2455507.7949182 0.0018343670928449172 0.0012587225925869785
2455507.8046359 0.0019220516518481392 0.001410862703559756
2455507.8192252 0.0 0.0
2455507.8289476 0.0 0.0
2455507.8400589 0.0 0.0
2455507.8497813 0.0 0.0
2455507.8608925 0.0018138799704617108 0.001000033191018214
2455507.8706149 0.0018776946834800322 0.001052523824048234
2455507.881725 0.0016752154911907524 0.0009401599449777222
2455507.8914474 0.0016604761735225077 0.0009970033619294489
2455507.9025586 0.0014782641334288675 0.0009860426948159493
2455507.912281 0.0017847167785704637 0.0008347639497851324
2455507.9233923 0.0016830585911571556 0.000751441235406389
2455507.93311 0.0018223514310770352 0.0008362133642325802
2455507.9442248 0.001589571849197379 0.000758184334544109
2455507.9539472 0.0016367528122433023 0.0006310851056386523
2455507.9650584 0.0015373133127795343 0.0007241768481798356
2455507.9747808 0.0015309898700107047 0.0006478405694901502
2455507.985892 0.0015940396152046077 0.0007639478821591937
2455507.9956144 0.0016063179112559783 0.0006014272359630469
2455508.0067256 0.0014182735280381306 0.0006556299742769451
2455508.0164469 0.0014626916220286648 0.0008569554892084723
2455508.0275582 0.0012400857827249872 0.0008165148596775404
2455508.0372806 0.0017305481188618777 0.0007719519208227101
2455508.0483918 0.0013840661744011155 0.0008350850018252757
2455508.0581095 0.0 0.0
2455508.0692255 0.0014509930471579774 0.0008910932270783642
2455508.0789467 0.0017033812582065311 0.0011547427787829865
2455508.0900579 0.0016939570958076683 0.0011266099009457232
2455508.0997803 0.0015516655408826636 0.0014236822410328962
2455508.1108916 0.0018800478782589347 0.0013918220195730357
2455508.1206139 0.0019164471825270644 0.0015515802280401557
2455508.1317252 0.001154261749624557 0.0006474229467714977
2455508.1414465 0.0020647318368263766 0.001764872567344723
2455508.1525578 0.0022784895758692298 0.002013347452482882
2455508.1622801 0.002601465710154287 0.0020959942501168082
2455508.1733914 0.002368205792971869 0.002292462105202456
2455508.1831091 0.002467224924550676 0.0022454401752534654
2455508.1942249 0.002590473118504038 0.0024432435279945586
2455508.2039462 0.002984136193408391 0.0025094899747667545
2455508.2150575 0.0030204045345821376 0.0026227756532287657
2455508.2247799 0.002993138075203423 0.0027609422103075263
2455508.2358911 0.00310001981666124 0.0027448004757691553
2455508.2456135 0.0034207679356783476 0.0027208669504009565
2455508.2567248 0.0032592543104284608 0.0028745206433344376
2455508.2664461 0.0034102323654983334 0.002900047421205003
2455508.2775572 0.0034066027689293897 0.0030178863513973964
2455508.2872796 0.0035281333260481847 0.0029267684803483255
2455508.2983909 0.0033697246343737195 0.0026314548624391883
2455508.3081086 0.0033369593335962774 0.00278201560438574
2455508.3192245 0.003508201274991868 0.0027421311105345113
2455508.3289469 0.0036139192672887573 0.0026714158909473284
2455508.3400571 0.0034350427755714956 0.002512985913990708
2455508.3497794 0.003199585589660766 0.0026239995087279314
2455508.3608907 0.0032178828077409328 0.002358769177909319
2455508.3706131 0.0032104568718877916 0.0023679130707551423
2455508.3817243 0.002886775536000651 0.0022585692129146666
2455508.3914466 0.002976813542906864 0.002190067107142213
2455508.4025568 0.0031799646642772807 0.00218235557773373
2455508.4122792 0.0028372199080826995 0.002002979277499413
2455508.4233904 0.0025730260981136257 0.001947303325548635
2455508.4331082 0.0028502179907844353 0.0017498317939245078
2455508.4476964 0.0029585363124604237 0.0017190361602763427
2455508.4574187 0.0026181457939433144 0.001727717197192184
2455508.46853 0.0023577891570416287 0.0014753391092503026
2455508.4782524 0.0025080256481745957 0.0013444140355386087
2455508.4893637 0.0024262388455339214 0.0012114974884865123
2455508.4990859 0.0024781201524490624 0.0012874678279270208
2455508.5101961 0.0 0.0
2455508.5199185 0.0022289305468112383 0.0012218523751463756
2455508.5310297 0.0022325479542073803 0.001172227907469571
2455508.5407521 0.0022680599482910214 0.0010077904824936656
2455508.5518634 0.0019128771042593662 0.0010757375958064003
2455508.5615812 0.0018932705147154624 0.001148005506275735
2455508.5726958 0.0019194887283515815 0.001004810343590257
2455508.5824183 0.0018341603867577248 0.0010785045834424526
2455508.5935296 0.0017585386811687178 0.0009322822651861509
2455508.6032519 0.001807135313926485 0.0008482843314637581
2455508.6143631 0.0017188232509470986 0.0009725341203467501
2455508.6240855 0.0016803962270389627 0.0008204221016214299
2455508.6351969 0.001707983597066472 0.0006703083020540813
2455508.644918 0.0014750555351407892 0.0008779145002672314
2455508.6560293 0.0017255922910997224 0.0005891210030847127
2455508.6657517 0.001564446364575949 0.0008169155015773469
2455508.676863 0.0015100608468920122 0.0009290089516732581
2455508.6865806 0.0015667851898400799 0.0007416895169150098
2455508.6976966 0.0014866439357843876 0.0007641469039888405
2455508.7074178 0.0016627338654864633 0.0006660553938772551
2455508.718529 0.0015137060301731165 0.0006790557717150281
2455508.7282514 0.001342114969241678 0.0007095894932753797
2455508.7393627 0.0016374420800091235 0.000663237415596898
2455508.7490851 0.0014726932549175944 0.000703951304946603
2455508.7601963 0.0012622769698564197 0.0007548911089392552
2455508.7699175 0.0014470940549642555 0.0007652544238592887
2455508.7810289 0.0014467994004351502 0.0007544996267582157
2455508.7907511 0.0014860510658600498 0.0008360145391675163
2455508.8018625 0.001391783162452262 0.0008109843491832136
2455508.8115802 0.0015827641202625544 0.0008155519626304319
2455508.8226962 0.0016197491694490398 0.0010315298598484739
2455508.8324173 0.0016775262612741617 0.0009328561731208324
2455508.8435286 0.0012769955349571866 0.0007840289896846105
2455508.853251 0.0014245500783399143 0.0010160840571887704
2455508.8643623 0.0015342371987765772 0.0010133637822022901
2455508.8740846 0.001642173289323707 0.00099299400170969
2455508.8851959 0.0014232622881505783 0.0009494126068048635
2455508.8949171 0.0017955731278420197 0.0011141718893800372
2455508.9060285 0.0017179514110829879 0.0010578210540676254
2455508.9157507 0.0015744529856920148 0.0010843920253301256
2455508.9268621 0.0016516406642855387 0.001154730453552166
2455508.9365798 0.0016097303424882582 0.0012849398537167387
2455508.9476956 0.0015888478648028884 0.0012448304527685088
2455508.957418 0.0018800340556753932 0.0010175864387949392
2455508.9685282 0.001743218824932396 0.0012217144376078439
2455508.9782506 0.0017702515458422657 0.0013815693313332655
2455508.9893618 0.00168991608479344 0.0014121837616638843
2455508.9990842 0.001714129310706259 0.0014866391106214357
2455509.0101955 0.0017114293981495834 0.0015237962754269107
2455509.0199178 0.001744521666623411 0.0014200649847104585
2455509.0310279 0.0017901251359455162 0.0015907198790849452
2455509.0407503 0.001759336768269625 0.00172038595233484
2455509.0518615 0.0020092416611504718 0.0018122866493577195
2455509.0615793 0.001856683075924296 0.001870456373157945
2455509.0761686 0.0 0.0
2455509.0858911 0.0017827306628641194 0.001862763442474839
2455509.0970022 0.0018993660525879342 0.002024992617356591
2455509.1067246 0.002044852836101941 0.0019619937498352217
2455509.1178359 0.0021284584879249675 0.002122561838432251
2455509.1275583 0.0020841601358492466 0.0020187664598105472
2455509.1386684 0.0019817226543409603 0.002039756517921678
2455509.1483908 0.00212169823562223 0.002062778008659782
2455509.1595021 0.0021364162578110637 0.002041734618514086
2455509.1692244 0.0019996553686685873 0.0019197786875723686
2455509.1803357 0.0015984839726242484 0.001998168346798329
2455509.1900534 0.0 0.0
2455509.2011681 0.0019003852190524566 0.0017739029770027172
2455509.2108905 0.0019956585552050056 0.0018211432365677002
2455509.2220018 0.0019597117241657016 0.0016298392075761634
2455509.2317242 0.0017041267994967755 0.0014757285397757613
2455509.2428354 0.0018690093943053046 0.0013657532729894483
2455509.2525578 0.0017892320211742986 0.0013908890031864647
2455509.2636691 0.0014395487945602422 0.0013727266724111937
2455509.2733903 0.001601550053560303 0.0011586036135539425
2455509.2845015 0.001624287485912374 0.0011956561137959735
2455509.2942239 0.0015334919304733515 0.0011829886219589694
2455509.3053352 0.0015981703685895377 0.0011411691547906673
2455509.3150529 0.001630068637770424 0.0010204270085802305
2455509.3261688 0.001701692281953944 0.0009679573147966814
2455509.33589 0.0014693552897772774 0.0010132808976110138
2455509.3470014 0.0016000663045952024 0.000980228489659461
2455509.3567236 0.0015720365353794736 0.0010769053510983298
2455509.367835 0.001509422891036595 0.0008900496789902654
2455509.3775574 0.0015306506219566283 0.0006765998614550958
2455509.3886686 0.0013480419331195995 0.0007686275005233231
2455509.3983898 0.0013451588931812984 0.0006846357674507874
2455509.4095011 0.0012640146767897349 0.0008496325957939778
2455509.4192235 0.0014838689815193315 0.0006975493506935116
2455509.4303347 0.0013080890548601547 0.0008696285454255938
2455509.4400525 0.0013677043077671013 0.000788096066139165
2455509.4511684 0.0015032569162446042 0.0007533908358342828
2455509.4608896 0.0014279625397029094 0.0007593803588674698
2455509.4720008 0.0012250695019956712 0.000641946889149824
2455509.4817232 0.00144903910340086 0.0007644645226058818
2455509.4928346 0.0014431930890928056 0.0007785910759947697
2455509.5025568 0.0013254426997054984 0.0007834080194123209
2455509.5136681 0.0012641716565793275 0.0009619516505412849
2455509.5233894 0.0015223999474217671 0.0009026299916523674
2455509.5345007 0.0015958157519504158 0.0009068592970972617
2455509.5442229 0.0016039028526489843 0.001177985081021544
2455509.5553343 0.0014477921634142906 0.0012037230574341348
2455509.565052 0.0013484650208864693 0.0012492107600335243
2455509.5761678 0.0017818536504763212 0.0012724773660558574
2455509.5858903 0.0015429094105908507 0.0012709809618990184
2455509.5970004 0.0016597542117283758 0.0013530903831460086
2455509.6067228 0.001668051702085136 0.0014406408398598498
2455509.617834 0.0019764435526720236 0.0015289690365400525
2455509.6275564 0.0016230968626650094 0.0013802355915400828
2455509.6386677 0.001702850500429578 0.0014867862557207522
2455509.64839 0.0017979105411482506 0.00152739672313771
2455509.6595002 0.0019862400182471193 0.0015176290689810743
2455509.6692225 0.0018833849112277784 0.0016494309666356937
2455509.6803338 0.0019736070120869057 0.001476306357333431
2455509.6900515 0.00197660813934534 0.0015035444869460361
2455509.7046397 0.0 0.0
2455509.7143621 0.0024282303093734726 0.0018749365326927651
2455509.7254733 0.0020371352057673227 0.0014367636188228014
2455509.7351957 0.00207108355078103 0.0016015733356920994
2455509.746307 0.0022276552314256922 0.0015917863353437183
2455509.7560294 0.002025664615140591 0.0016463280277524482
2455509.7671395 0.0024193778580075625 0.0015364187138721583
2455509.7768618 0.0022174756949253195 0.0014886571877226794
2455509.7879731 0.002285016265116476 0.00145449328666069
2455509.7976956 0.0021102659212235116 0.001479530135171366
2455509.8088067 0.002059469441836193 0.0013850473000305594
2455509.8185245 0.0 0.0
2455509.8296393 0.0017978619403458166 0.0013106692958294566
2455509.8393616 0.0018249873312223574 0.00119669381755752
2455509.8504729 0.0019961742562154164 0.001141774487385903
2455509.8601953 0.0019934525304328194 0.0010538640276695837
2455509.8713065 0.0018575892711608097 0.0011328640525369092
2455509.8810289 0.0018433543480359611 0.0011693023962896744
2455509.8921402 0.0019499276771339333 0.001050555038930435
2455509.9018614 0.0018431558421020465 0.00102945887313257
2455509.9129726 0.0016885400587295261 0.0008512078783922143
2455509.922695 0.0013766223692384088 0.0008735623133824717
2455509.9338063 0.0014475616366227022 0.0008891548820671308
2455509.9435241 0.0016496858688050118 0.0008739678633347065
2455509.9546399 0.0016234514631746685 0.0007319535275388508
2455509.9643612 0.0016003820164782248 0.0007999460128812452
2455509.9754724 0.001447932893280036 0.0008301824350063337
2455509.9851947 0.0012682517440279002 0.0007986329010643877
2455509.996306 0.0012861552987292603 0.0007679922934452645
2455510.0060284 0.0013251905212499752 0.00082315943503644
2455510.0171398 0.001313452745094167 0.0007321837672567058
2455510.0268609 0.001314365809564209 0.000642893238321128
2455510.0379722 0.0013357010158563782 0.0006591607055016627
2455510.0476946 0.0014367501896865096 0.0007762590377423287
2455510.0588058 0.001151739683069603 0.0007062879669150735
2455510.0685235 0.001281803922850241 0.0007162962909378615
2455510.0796395 0.0011484917542877518 0.0006977480950746094
2455510.0893607 0.001147307377846912 0.0006207641639143575
2455510.1004719 0.001167296100988382 0.0005549427504829981
2455510.1101943 0.0011692210468808634 0.0006550470640498339
2455510.1213056 0.0010226397752970118 0.0005318874458635707
2455510.131028 0.0011788339027670556 0.000566924702924519
2455510.1421392 0.0010747002735100155 0.0005766667328959364
2455510.1518604 0.0011278085710730767 0.0006318612807525048
2455510.1629718 0.0008951501433251424 0.0006474296492967508
2455510.172694 0.0010024194803182457 0.00048735031465265544
2455510.1838054 0.0008590567994373837 0.000504148994289739
2455510.1935231 0.0009896027139889025 0.0004471860043371778
2455510.204639 0.0013785515919129815 0.00046103686457240353
2455510.2143613 0.0007774153379532951 0.0004966725126986871
2455510.2254715 0.0009505780275533255 0.0003428669877848405
2455510.2351939 0.0007744863551760815 0.000352061818227942
2455510.2463051 0.0008599302709542154 0.0003564262464391109
2455510.2560275 0.0010160125661226442 0.00040202564779035166
2455510.2671388 0.0009686298261070278 0.00035052657444552943
2455510.2768612 0.0010182783984290012 0.00030834821749932276
2455510.2879712 0.0010347581759397116 0.00030372919440874386
2455510.2976935 0.0008473666158740968 0.00040544450021802106
2455510.3088049 0.0007813196692309502 0.0005610820314494285
2455510.3185226 0.0009055625349854847 0.0004446770921744638
2455510.3331119 0.0008520514599353759 0.0004937094736602323
2455510.3428344 0.0007617826339445996 0.0005240954120879022
2455510.3539455 0.0007218381930101574 0.000600963853590956
2455510.363668 0.0010450285662506533 0.0005075222097162006
2455510.3747792 0.001052205064304966 0.0005876993835370012
2455510.3845016 0.0010900376639032608 0.000720812074490006
2455510.3956117 0.0005537626419187964 0.0007206162770753294
2455510.4053341 0.0010229601054301527 0.00091094534498199
2455510.4164454 0.0010234434511908717 0.0010068898124123006
2455510.4261678 0.0012662092360272452 0.0009081677032335919
2455510.437279 0.001198681972944997 0.0011018644191543802
2455510.4469967 0.001358263981152702 0.001251695644423906
2455510.4581117 0.001381744894145804 0.0012914852926996976
2455510.4678338 0.001292342888543596 0.0013232633609141938
2455510.4789452 0.001189290585956506 0.0014553465644427694
2455510.4886675 0.0014334377963655912 0.0016199995863500492
2455510.4997788 0.0 0.0
2455510.5095011 0.001692160107479454 0.0014704480329381024
2455510.5206124 0.0015298146660602074 0.0016605485051121754
2455510.5303336 0.0016997791524182326 0.0017440046935708732
2455510.541445 0.0018072603567600366 0.0016793755993937793
2455510.5511672 0.0018319241913385851 0.0018792773362140947
2455510.5622786 0.001578016814827966 0.001708920112463877
2455510.5719963 0.0 0.0
2455510.5831122 0.0017685538503701094 0.0017705803179912133
2455510.5928334 0.0019388216270139727 0.0016432940044091723
2455510.6039447 0.001869707142436344 0.001749998826324476
2455510.613667 0.0017819327495668827 0.001666702048047103
2455510.6247783 0.001733177348880824 0.001604795411048487
2455510.6345007 0.0016137181078062217 0.0014793786105129403
2455510.645612 0.0016960977027170086 0.001737077845506553
2455510.6553331 0.0013688770129666927 0.0016628557011737072
2455510.6664444 0.0015930637208604736 0.0016107930659389218
2455510.6761668 0.001766740522107118 0.0014996656737435348
2455510.687278 0.001573776277119739 0.0014719040989733551
2455510.6969958 0.001608196017636753 0.001506058459037337
2455510.7081117 0.001609081732715914 0.0013098384749595485
2455510.717833 0.0016407470866611799 0.0011266034654480262
2455510.7289442 0.001585926814247391 0.001218426755411694
2455510.7386665 0.0014225918773787115 0.0010460504508011802
2455510.7497778 0.0013731745887601767 0.0010294057119481796
2455510.7595001 0.001651420588255669 0.0008895817788508567
2455510.7706114 0.0013536912657787176 0.0009043472997963573
2455510.7803327 0.0013307519264545932 0.0009686369860423059
2455510.791444 0.0013729026807061883 0.0008388286976550848
2455510.8011663 0.001129106756908305 0.0008057963689628178
2455510.8122776 0.0012618441001209968 0.0007324180607406405
2455510.8219954 0.0011534593712867753 0.0007771466608381622
2455510.8331112 0.0010841313983618757 0.0006786691106856824
2455510.8428336 0.0013138681031816149 0.0007369072684149019
2455510.8539437 0.0013551298374037334 0.0007048469785410411
2455510.8636661 0.0010014500605060339 0.0007674532390915048
2455510.8747773 0.000906252750809622 0.0007905621180925276
2455510.8844997 0.0011495656829286444 0.000604493680760943
2455510.895611 0.0010533249323375362 0.0005661899098433946
2455510.9053334 0.0010655717282824616 0.0006092227992181534
2455510.9164434 0.0010754907309877217 0.0006571248244974458
2455510.9261658 0.0010880356585590745 0.00040556857085702585
2455510.9372771 0.0008395764461073627 0.0006066970162751022
2455510.9469949 0.0009152829521413848 0.0005370411601644228
2455510.961583 0.0 0.0
2455510.9713054 0.0011279529230465983 0.0004267279295209155
2455510.9824166 0.0009063114336269706 0.000576892916959871
2455510.992139 0.000886129538507137 0.0003635414604084055
2455511.0032503 0.0012089596032962514 0.00035292056391844986
2455511.0129727 0.0011875024238003583 0.00048459907286751785
2455511.0240828 0.0007407361946557818 0.00043340851090046693
2455511.0338051 0.000828735389270842 0.00043845934771993253
2455511.0449164 0.0009535735557720566 0.00040437977195957906
2455511.0546387 0.0006693586623493462 0.0005085103507376026
2455511.06575 0.0007359318086580592 0.0004833153162901644
2455511.0754678 0.0009514950790710816 0.00046291260426067833
2455511.0865826 0.0007340651194451189 0.0004583182872229286
2455511.0963049 0.0008592591122406854 0.00043228982891723204
2455511.1074162 0.0005853745510218721 0.0005029423284404063
2455511.1171385 0.0008000762421001558 0.000558491628620962
2455511.1282498 0.0009881438104560008 0.0005340785952170025
2455511.1379721 0.001111958226192433 0.000414994102632947
2455511.1490834 0.00113552099690912 0.00041748744174255093
2455511.1588047 0.0011592234279696279 0.0005959681869560241
2455511.1699159 0.0012519393925497864 0.0004967432391765847
2455511.1796383 0.0007868198567007288 0.0006054585773786421
2455511.1907496 0.0009872331858710296 0.0006905474367872272
2455511.2004673 0.0 0.0
2455511.2115832 0.0011909558954897837 0.0006253283625275777
2455511.2213044 0.0012824523675450394 0.0006252323522562206
2455511.2324157 0.0009275837809159379 0.0007376739060502087
2455511.242138 0.0008248953578056984 0.000687265822613166
2455511.2532493 0.0016085364753592685 0.0006018783816663814
2455511.2629717 0.0015481595510694504 0.00034867200562804687
2455511.274083 0.0008822848417790701 0.00073421845957503
2455511.2838042 0.000979945695503151 0.0007709123457448144
2455511.2949154 0.0009843291083086886 0.0008855848297916912
2455511.3046378 0.0012121321598510299 0.0009228030189340065
2455511.315749 0.0012347726127300914 0.0010035199113026013
2455511.3254668 0.0011521409833395084 0.0009506002296643287
2455511.3365828 0.0010953052603610133 0.0011695681879377558
2455511.3463039 0.0010456113689222368 0.0011910163615731415
2455511.3574152 0.0010572697648771672 0.0012778715438920391
2455511.3671376 0.0010893020442674 0.0012901681893228226
2455511.3782489 0.0012419287262583996 0.0013495312706978478
2455511.3879712 0.0014133683927040662 0.0012044824261158006
2455511.3990824 0.0011876957575469827 0.0013965337899284598
2455511.4088037 0.0009965516208490421 0.001340063850078749
2455511.4199149 0.0011630770875372082 0.0015156226218692704
2455511.4296373 0.0012879860560349476 0.0013485141844635864
2455511.4407485 0.0010378467186839704 0.0013600461411531122
2455511.4504664 0.0012912255965728725 0.001345449172611846
2455511.4615822 0.001186599797426579 0.0011519290559761735
2455511.4713046 0.001319358687461182 0.0012011963378198006
2455511.4824147 0.0011403396746879034 0.001157660997864879
2455511.492137 0.0012101086273631815 0.0011475623986017195
2455511.5032483 0.0012560137851218948 0.0012181191335222609
2455511.5129707 0.0012067606623890929 0.0011312536236949898
2455511.5240819 0.0 0.0
2455511.5338043 0.0016176660082183566 0.0009228445441950439
2455511.5449145 0.0011121831352916408 0.0008773507730727964
2455511.5546368 0.001074682470402773 0.0007912836271904233
2455511.5657481 0.0008270333436570103 0.0007623809140014459
2455511.5754658 0.000907210561473756 0.000609054131485301
2455511.5900552 0.0 0.0
2455511.5997775 0.0009374065013450656 0.0006234100778328963
2455511.6108888 0.0009412518964883621 0.0006099549531524953
2455511.6206112 0.0007084961694119674 0.0007197943829357405
2455511.6317224 0.0008505021136809947 0.0005790912188830933
2455511.6414448 0.0008932903580513058 0.0005204326283648385
2455511.6525549 0.0006586980696514969 0.000583476870528389
2455511.6622773 0.0007433170134113631 0.0005892406757124694
2455511.6733885 0.0009476549223557711 0.0006678343779619768
2455511.6831109 0.0008104580630750882 0.0005514652510979945
2455511.6942222 0.0021818465161956334 0.0006249152704390497
2455511.7039399 0.00048429515341171924 0.0005581537618133604
2455511.7150546 0.0 0.0
2455511.724777 0.0 0.0
2455511.7358884 0.0 0.0
2455511.7456106 0.0 0.0
2455511.756722 0.0 0.0
2455511.7664443 0.0 0.0
2455511.7775556 0.0 0.0
2455511.7872768 0.0 0.0
2455511.7983881 0.0007550863405176499 0.0006234238546049844
2455511.8081105 0.0006626576731089957 0.0004812425660063178
2455511.8192217 0.0004645429915805764 0.0006323318818394071
2455511.8289394 0.0006305722704625128 0.0007295863365382158
2455511.8400554 0.0008501557169482561 0.0006486875521425706
2455511.8497765 0.0007995232285687966 0.0007335335974323687
2455511.8608878 0.0005891573814196331 0.0008135950685039713
2455511.8706102 0.0006891679077847986 0.0007421492166437769
2455511.8817215 0.0007789652937416848 0.0008407995930434453
2455511.8914438 0.00026848028725465483 0.0008719087786127481
2455511.9025551 0.0006096550388688948 0.0009894064094169706
2455511.9122764 0.0006878693369264604 0.0008761997693321052
2455511.9233877 0.000855656085726702 0.000906593109833814
2455511.9331099 0.00095120401055833 0.0009377494395158999
2455511.9442212 0.0008461125125992092 0.0009382730598429983
2455511.953939 0.0 0.0
2455511.9650548 0.001086993254306385 0.0010020397409330746
2455511.974776 0.000895143049541701 0.0011213639413848006
2455511.9858874 0.0009346533318189008 0.0010716891702204074
2455511.9956098 0.0007471572307059708 0.0011470558300760451
2455512.006721 0.0012033229045626606 0.0010020725396510334
2455512.0164434 0.0008990685929726225 0.0011676647053150142
2455512.0275547 0.0008918866937558437 0.001067918920364163
2455512.0372758 0.0010483419677990858 0.0009399959828717854
2455512.0483871 0.0010804271747059551 0.000990777182241314
2455512.0581095 0.000911397847873597 0.001088584076794092
2455512.0692207 0.0011851094703032767 0.0011152048235851472
2455512.0789384 0.000946548054112597 0.0009588307340810904
2455512.0900544 0.0012339129653345252 0.0010446361025489152
2455512.0997768 0.0011902391681013896 0.0009806975919418783
2455512.1108868 0.0009362376861281773 0.0007126840645816544
2455512.1206092 0.0011704700417222212 0.0007511824875098004
2455512.1317205 0.0010346244804896206 0.0007568382023209549
2455512.1414428 0.0007649846010741763 0.0007597129221267567
2455512.1525541 0.0007834010657855587 0.0008304094020777833
2455512.1622765 0.0007960544286555938 0.0007931455859854856
2455512.1733865 0.0006896599957677631 0.0008930280864062562
2455512.1831089 0.0005927192309747593 0.0006452682189264762
2455512.1942203 0.0008687363165164479 0.0007688156256439074
2455512.203938 0.0009836540648060109 0.0006403482537403936
2455512.2185261 0.0 0.0
2455512.2282485 0.0 0.0
2455512.2393599 0.0 0.0
2455512.2490821 0.0 0.0
2455512.2601934 0.0008362804616232358 0.000492127081439476
2455512.2699158 0.0008876411029238918 0.0005416074785293801
2455512.2810259 0.0008359154312195805 0.0005156069920082033
2455512.2907482 0.0008708896313933674 0.0004241534130781951
2455512.3018596 0.0009073540869774827 0.00045708714534738453
2455512.311582 0.0005551586587679239 0.0006317440812469273
2455512.3226931 0.0005618887279505366 0.0006302190809149647
2455512.3324109 0.0008374104925192722 0.0004809509221668333
2455512.3435257 0.0008853138589577466 0.0005045454877449606
2455512.353248 0.0008077568644541327 0.0004245018912781539
2455512.3643593 0.0008584927430811795 0.00042814499702122793
2455512.3740817 0.0009633402163527854 0.00048564982311023475
2455512.385193 0.0008089410916577942 0.0004926645573445001
2455512.3949153 0.0007718450676883628 0.0005089293613286664
2455512.4060266 0.0007957381950863534 0.0003898541190344368
2455512.4157478 0.0005880970817561126 0.00039969347530004906
2455512.426859 0.0006946937296598496 0.00037067815163444615
2455512.4365814 0.0007001308570178347 0.00035165989321209466
2455512.4476927 0.0006519873186844624 0.00029472535098816076
2455512.4574105 0.0006727334046971163 0.0003304159392702618
2455512.4685263 0.0004004104595678324 0.00029578810733300046
2455512.4782475 0.0006257792953795514 0.000296467810608769
2455512.4893588 0.0006604001029781904 0.00024021516943147357
2455512.4990811 0.0006801058977697096 0.0002579788175830957
2455512.5101924 0.0005481000403314192 0.0002042696497820098
2455512.5199148 0.0004955360445865341 0.00020943349372919593
2455512.531026 0.0003934382915538302 0.000252403415091469
2455512.5407473 0.0003800174024450345 0.00023108480215435566
2455512.5518586 0.0003905688845586804 0.00021361975761795973
2455512.561581 0.00036536832947695123 0.00021210181207769634
2455512.5726922 0.0003996903984432596 0.00010310869268554913
2455512.5824099 0.00016591912480905797 9.450111224622503e-05
2455512.5935258 0.0005587466882239614 0.00025471239231677286
2455512.603247 0.00032244875064911467 0.00018550410706550866
2455512.6143583 0.0003862521720569944 0.0002915218650185325
2455512.6240807 0.00033402643728087846 0.0003386280763760168
2455512.635192 0.0007806305672226869 0.00033561188122979685
2455512.6449143 0.0007249783708482303 0.0003523547125995027
2455512.6560256 0.0005367613979426634 0.0004067988434836584
2455512.6657468 0.0004262673658847773 0.00044175190145429396
2455512.6768581 0.0006415540228596361 0.0004993559140904411
2455512.6865804 0.0005486547234685372 0.0005350238918687568
2455512.6976917 0.0006354455991685117 0.0005785828278475505
2455512.7074095 0.0006911398241084936 0.0005442188599187628
2455512.7185253 0.0007847708981423143 0.0006717754595721904
2455512.7282477 0.0009237576153050325 0.0006802850397336838
2455512.7393579 0.0007562546342644991 0.000761714092909126
2455512.7490801 0.0010444430909194889 0.0008815856789073639
2455512.7601915 0.0007724733450331535 0.0009367032328021541
2455512.7699138 0.0010368359005356906 0.0010099523631264002
2455512.781025 0.0009364897516787165 0.0010046006525158367
2455512.7907474 0.0008924828805455857 0.0009225093456157382
2455512.8018576 0.001118872253224945 0.0010211639411452863
2455512.81158 0.0009550238189594536 0.0010498486997914727
2455512.8226911 0.001181952175476762 0.0011235465988668446
2455512.8324089 0.0011595639213738134 0.0011786553795909357
2455512.8469983 0.0 0.0
2455512.8567206 0.0011420383134193106 0.0011304962155788587
2455512.8678319 0.0009683226698285249 0.0010653384728123534
2455512.8775543 0.001060066042027335 0.0011729416112651115
2455512.8886655 0.0010666730039592814 0.0012173106226565083
2455512.8983879 0.0008947258213767311 0.0010778395689907889
2455512.909498 0.0009490325440640245 0.001118235958213931
2455512.9192204 0.0010447845846044373 0.0009562790520674188
2455512.9303316 0.0008727934739972837 0.0010865623054496084
2455512.940054 0.0009801135612207696 0.0010550153499936435
2455512.9511653 0.001021539222373555 0.0010599044326126184
2455512.960883 0.000732456363114566 0.00104973499351057
2455512.9719977 0.0010968235427655704 0.0009476882211129308
2455512.9817201 0.0009805638519357356 0.0009873336028797682
2455512.9928315 0.0006638258085798114 0.000987030780887776
2455513.0025537 0.000748654210994756 0.0009703899440302332
2455513.013665 0.0006517407404479394 0.0009557776496493655
2455513.0233875 0.000691060771107444 0.0007592559244721556
2455513.0344986 0.000631367848190651 0.0009069289481173873
2455513.0442199 0.0006940950946695499 0.0009036843239060957
2455513.0553312 0.000970541340219265 0.0008545866945421494
2455513.0650535 0.0007500710348742548 0.0005047516968260831
2455513.0761648 0.0006767587175621876 0.0006959220453175549
2455513.0858825 0.0007344569216943202 0.000493734065240865
2455513.0969985 0.0006325997251281579 0.0005639331186174595
2455513.1067196 0.0008104748400907689 0.0006616490449465083
2455513.1178309 0.0005157462608856428 0.0006463874407710616
2455513.1275533 0.0008335798079646049 0.000502680754855022
2455513.1386645 0.0008045039055662716 0.00043520951994683416
2455513.1483869 0.0005614698278615279 0.00045298976252006477
2455513.1594982 0.0006487535813797156 0.0003557471598845704
2455513.1692194 0.0007787312216307455 0.0004625972998773715
2455513.1803306 0.0007432671778187178 0.00039161181407450327
2455513.190053 0.0007041597086864901 0.000371191736226621
2455513.2011643 0.0008203349477121074 0.0003699016582566565
2455513.2108821 0.0006545222542273846 0.0003097539680311464
2455513.2219979 0.0005810736133357832 0.0002824004668195858
2455513.2317192 0.0007766495877178169 0.0004687678487821213
2455513.2428303 0.0005652577650710009 0.0003254894717187053
2455513.2525528 0.000511891920938227 0.0003942641497433723
2455513.2636641 0.0006844067278146981 0.0004184738969734786
2455513.2733864 0.00065925787323339 0.0002050866771062824
2455513.2844977 0.0005421321997448172 0.0003696144636944646
2455513.2942189 0.0006662536000812718 0.00025904302443248347
2455513.3053302 0.0007038319012648008 0.00022623797833439167
2455513.3150524 0.00046259311950772015 0.00032432926312843955
2455513.3261638 0.0005606232075514913 0.0002246726480730962
2455513.3358816 0.00023723545985717453 0.0002698780169224207
2455513.3469975 0.0005219459727478816 0.00029979269828446243
2455513.3567198 0.0004302169646416147 0.00020243543265086847
2455513.3678299 0.0004697877791988509 0.0002259839526689139
2455513.3775523 0.0005858487673680445 0.00017952321798873246
2455513.3886636 0.0005641135630028437 0.00032361721962431564
2455513.3983859 0.0004926385355681968 0.00032273523006212885
2455513.4094972 0.0006278118287166677 0.00033756267301772566
2455513.4192197 0.0005082695342326917 0.00028363721710415794
2455513.4303296 0.0006941582729375832 0.0003299831576425904
2455513.440052 0.0006459137936394324 0.0003141486793517356
2455513.4511633 0.0003426456912854754 0.0003151432580418616
2455513.460881 0.0006226105964705414 0.0003269819718291877
2455513.4754704 0.0005511489258209748 0.00036718297386461766
2455513.4851928 0.0002972334940313834 0.0002681271740246804
2455513.4963039 0.0003377733002479077 0.0004880486528698241
2455513.5060264 0.00042301145394355846 0.0004678081623868393
2455513.5171378 0.000609549312777044 0.00040274952964360435
2455513.5268599 0.0005881692172105753 0.0005158614792789363
2455513.5379701 0.0005739605754299037 0.0004377914377160577
2455513.5476925 0.0007030688935095726 0.00034260437741390746
2455513.5588038 0.0005502585293982934 0.0004748006763560086
2455513.5685261 0.0006891253827517631 0.0005665228486899203
2455513.5796374 0.0007139936969848479 0.0006272685101635466
2455513.5893552 0.0 0.0
2455513.6004698 0.000771502145017993 0.0008347552586968371
2455513.6101922 0.0006252218918275219 0.0007394728529350224
2455513.6213035 0.0007201048161033386 0.000708158316399583
2455513.6310259 0.0005994988826548989 0.0007954775417095648
2455513.6421371 0.0010288463116082688 0.0008738298321590283
2455513.6518595 0.0009644265736130994 0.0008238130655776224
2455513.6629708 0.0007994212999684553 0.0009745248073051003
2455513.6726919 0.0007417335507586964 0.0009339280526145846
2455513.6838032 0.00096544674875412 0.0008925480367732872
2455513.6935256 0.0009384702389176483 0.0009090043751163618
2455513.7046368 0.0007740444786801195 0.000992703252433211
2455513.7143546 0.0008959346082433663 0.0009628941371078964
2455513.7254705 0.0008784087982616003 0.0009074309373457807
2455513.7351918 0.0009297090515805844 0.0008491160721824561
2455513.746303 0.0007326461405648226 0.000854202126289312
2455513.7560254 0.0007659684880301946 0.0009477840459745944
2455513.7671366 0.0008784312692120992 0.0008956151983448166
2455513.776859 0.0008279465365966517 0.0008267357112970599
2455513.7879702 0.0006529121599291567 0.0008112553337363649
2455513.7976915 0.0009439426454179662 0.0008118989943207276
2455513.8088027 0.0009841448397779002 0.0007070815444171823
2455513.8185251 0.0007372125752027686 0.0006184838467125756
2455513.8296364 0.0005271556754198786 0.0005748923564405758
2455513.8393542 0.0007327191613954074 0.0004444214146728693
2455513.85047 0.0008467252359460407 0.0005175351556454517
2455513.8601912 0.0009193984212595017 0.0005243843618380248
2455513.8713025 0.0007145200309998321 0.0005828942258285598
2455513.8810248 0.0004481011421012813 0.0005113859915263652
2455513.8921361 0.0006632012389032672 0.0003159435861057295
2455513.9018585 0.0008559579468454141 0.00035583869323568644
2455513.9129698 0.0005431853422504721 0.0003946768492828819
2455513.9226909 0.0006200649756743059 0.000359129458123978
2455513.9338022 0.00053141835650907 0.0003187218002414635
2455513.9435247 0.00046231453881849565 0.0003961990946454968
2455513.9546358 0.0005419967149213298 0.0003694788191272411
2455513.9643536 0.00037084331447203445 0.00024497930719151283
2455513.9754695 0.0006680080234490364 0.0002579177431249206
2455513.9851918 0.0007762302646416307 0.00031763753906369647
2455513.996302 0.0004934138996167633 0.00034419577042652335
2455514.0060244 0.0003160063120673049 0.0003236646519497321
2455514.0171357 0.00034912113362304165 0.00020344154323074807
2455514.0268579 0.00047266291726880084 0.0002796794215964886
2455514.0379693 0.00035122136969200284 0.00027943448441489064
2455514.0476917 0.00016180168291570737 0.0002265866536975293
2455514.0588017 0.00036860953949983797 0.0002553501686073034
2455514.0685241 0.0003588042950681419 0.0002270176942918815
2455514.0796354 0.0 0.0
2455514.0893531 0.00037468530444759954 0.0002454791822081179
2455514.1039413 0.0 0.0
2455514.1136637 0.00029158103153806845 0.0002397133992030273
2455514.1247748 0.0003207653911294755 0.00023769742482042372
2455514.1344973 0.0003175708138953111 0.0002869153931729633
2455514.1456086 0.0002801703759178228 0.00036600453814989326
2455514.155331 0.00017858291017424618 0.0004005834432377513
2455514.166441 0.0003643498803505842 0.0004394101018145529
2455514.1761634 0.00039247466283613155 0.0004964983528886405
2455514.1872747 0.00044896336452646693 0.0004626409227651211
2455514.196997 0.0003271806078869361 0.0005089036658512124
2455514.2081083 0.0004950785745178566 0.0005428437887126179
2455514.2178261 0.0 0.0
2455514.2289409 0.0005394726383109627 0.0005415795977813455
2455514.2386631 0.0007002258832474826 0.0008350780850292108
2455514.2497744 0.0005410114811053179 0.0007879243221648074
2455514.2594968 0.00048370088432809024 0.0007894515682195776
2455514.270608 0.0006827168763834776 0.0005739811397432843
2455514.2803304 0.000621222174369877 0.0007047581754442521
2455514.2914417 0.0006028353835803536 0.000762062833817701
2455514.3011628 0.0008971930255280135 0.000886335931362231
2455514.3122741 0.0005830945797641316 0.0007006033065790454
2455514.3219965 0.0006708827035276042 0.0006096492228367864
2455514.3331078 0.000849482054182113 0.0005989629418102293
2455514.3428255 0.0007411314692259124 0.0006075173522864524
2455514.3539414 0.0006852458229600318 0.0008547665946394557
2455514.3636627 0.000608216729317071 0.0006444618930131182
2455514.3747738 0.0006261086411257962 0.0005316725789886211
2455514.3844963 0.0006099851767174241 0.0006119050163916626
2455514.3956076 0.0008363727031893264 0.0002750933849167476
2455514.4053298 0.0006311432990695709 0.000578211066310606
2455514.4164412 0.0006078140975959197 0.0005439881364499125
2455514.4261624 0.000504288736678328 0.0006539884111756248
2455514.4372737 0.0007380309983437733 0.000624033012221522
2455514.446996 0.0006333153032180089 0.000548927966147613
2455514.4581073 0.0005442897718959249 0.0005956852380220603
2455514.467825 0.0006351558388105853 0.0004404653583062074
2455514.4789409 0.0007192541935307805 0.0004077620579470302
2455514.4886621 0.0006004894980946705 0.0006628639677698266
2455514.4997734 0.0 0.0
2455514.5094958 0.0004808866949085197 0.0005140184080407361
2455514.520607 0.0007210022301419383 0.0006697972210402658
2455514.5303294 0.0006824687299099229 0.00044861954603728194
2455514.5414407 0.0006128603380349168 0.0005666506767596634
2455514.5511618 0.0005806615935513933 0.0005872898017328771
2455514.5622731 0.0007587265426574986 0.0003934840176936325
2455514.5719955 0.0007538838193083495 0.0005936673572367126
2455514.5831067 0.0007167299313792382 0.0006030779054207752
2455514.5928245 0.0005497849645681616 0.0005992928807746243
2455514.6039404 0.0005680888557777186 0.0004216613063686659
2455514.6136628 0.0005838244811918247 0.00037944474522575024
2455514.6247728 0.0003912120271248454 0.0006133689758955947
2455514.6344953 0.000429219417269053 0.0005305662813925496
2455514.6456066 0.0006010993821057432 0.0005267238712735352
2455514.6553288 0.0003977696437950935 0.000539527153966717
2455514.6664402 0.0004042766013724792 0.0004801607582380563
2455514.6761625 0.0003935161494063931 0.0005715284745480342
2455514.6872726 0.0006125913066641996 0.0004456720229267404
2455514.696995 0.0005600087014745026 0.00046050779361852954
2455514.7081063 0.0004514539676932689 0.00048624158039114947
2455514.717824 0.0004053215717354003 0.00042847541437027447
2455514.7324133 0.0 0.0
2455514.7421357 0.0005812739876018419 0.0003181398741431918
2455514.753247 0.000505538243139908 0.0003659890151388233
2455514.7629693 0.0001733577033923832 0.00027218286567973335
2455514.7740806 0.0005418365364807699 0.0002493246498501305
2455514.783803 0.000538115864019424 0.0003950989967070273
2455514.794913 0.0004506686343608253 0.00040384092392025533
2455514.8046354 0.00048744193358960127 0.0003933741017977223
2455514.8157467 0.00025946356154377804 0.0003741573076144135
2455514.8254691 0.0003318717049694399 0.000217027399369782
2455514.8365803 0.00025254782432786405 0.0002061649300322794
2455514.8462981 0.00042625450761952534 0.0002558933125866592
2455514.8574129 4.982578281893572e-05 0.00016747500228575488
2455514.8671352 0.00016958542624518778 0.00016720091830722743
2455514.8782464 0.00030479020701479386 0.00026867540070517993
2455514.8879688 0.0002743656061860552 0.0001853576930889056
2455514.8990801 0.0004558097298197552 0.00029881094969461336
2455514.9088024 0.0004855507958104459 0.0003447739457975606
2455514.9199137 0.0002555186044363689 0.0003158399230786909
2455514.929635 0.00043126946602953806 0.00029724234325087355
2455514.9407462 0.0005246574044826855 0.00042781939123703855
2455514.9504686 0.0002690500292328503 0.00037365413086055667
2455514.96158 0.00035215077883232195 0.00034139450747199294
2455514.9712975 0.0 0.0
2455514.9824135 0.0003843590382169833 0.00043758114556303475
2455514.9921347 0.0003344080654246125 0.000492928157917094
2455515.003246 0.0003887121774354292 0.0004970077839496447
2455515.0129683 0.00038867338614255117 0.00052872294269953
2455515.0240796 0.0004164377807412349 0.0006107655363442717
2455515.033802 0.0004389059154480089 0.0006384019962962206
2455515.0449132 0.00046025291032582603 0.0007253610011024509
2455515.0546344 0.0005727370452117185 0.0006476972877476938
2455515.0657457 0.0006774621283560973 0.0007942042153718425
2455515.0754681 0.0007059536004795802 0.0008807344438130944
2455515.0865793 0.0009556431618714518 0.0008710661792510084
2455515.0962971 0.0005908643803978552 0.0009715773102168494
2455515.107413 0.0008588545425869233 0.000936975215304034
2455515.1171342 0.00077309497899956 0.0009023929061610221
2455515.1282454 0.0007443942080426102 0.0009670019881255817
2455515.1379678 0.0008865449134631437 0.0008829286973367961
2455515.149079 0.0007020564399954516 0.0008196183337735334
2455515.1588014 0.000823550546620891 0.0006926439093954368
2455515.1699127 0.0008456904425658654 0.000766952642225111
2455515.1796338 0.0006513575678953614 0.0008390775321928544
2455515.1907452 0.0005623277505433934 0.0009681275234462171
2455515.2004676 0.0008049514846527989 0.0007383968398665482
2455515.2115789 0.0009233526641193414 0.000703738507172941
2455515.2212965 0.0010503434945391382 0.000795412214646079
2455515.2324125 0.0008410962266430538 0.000692487608134351
2455515.2421348 0.0006636602254442592 0.0008067926542706042
2455515.2532449 0.0009387862309394023 0.0007737798813124367
2455515.2629673 0.0006469624924024049 0.0007453273073205663
2455515.2740786 0.0006546325728014981 0.0007234084210365028
2455515.2838009 0.0010620632394268133 0.0006873310319568191
2455515.2949122 0.0007378754883537954 0.0007350672796051925
2455515.3046346 0.0008020567698625884 0.0006232686906660021
2455515.3157447 0.0007176109938660788 0.0006001106969525404
2455515.325467 0.0005244820143248245 0.0006927098007897572
2455515.3365783 0.0004020395100732964 0.0005750266728218381
2455515.3462961 0.00040753744715017905 0.0005198764550396291
2455515.3608842 0.00028666964754989373 0.0004955261755900554
2455515.3706066 0.0003724101911063942 0.0003588001733999981
2455515.3817179 0.0004737746950725122 0.00045995439698316313
2455515.3914402 0.0005610418753234773 0.0003998633043661032
2455515.4025515 0.0005733630527447681 0.00039443666088161117
2455515.4122739 0.00023146808606140846 0.0004150489888371439
2455515.4233839 0.0002437621771031372 0.00042600942953593664
2455515.4331063 0.00041643093635194614 0.0003375238689012354
2455515.4442176 0.0004191262782949217 0.00019255470983883338
2455515.45394 0.0006491894557735663 0.000363806888953615
2455515.4650512 0.0003031725006577576 0.0002455251939670177
2455515.4747689 0.00041444004479461753 0.00036532113512141655
2455515.4858837 0.0007306908183351118 0.00028346512412049914
2455515.495606 0.00048079034536143453 0.00019357747727415786
2455515.5067173 -0.0007476551595466468 0.00030122650628206155
2455515.5164397 0.0003628630777042904 0.00023135260366682594
2455515.527551 0.00039101037662642326 0.00016181479232457453
2455515.5372733 0.00030308903999706483 0.0002398006289596793
2455515.5483846 0.00019949641701129048 0.00013582260390357256
2455515.5581058 0.00020836220625400733 0.0001668764291881476
2455515.5692171 0.00036448240283082817 0.00026468172968876493
2455515.5789394 0.0004761941265859069 0.00016322715248417744
2455515.5900507 0.00033653776104488584 0.000270937044706961
2455515.5997684 -0.00036553523391491695 0.00027437914076373026
2455515.6108843 0.0004742860950093102 0.00016285330767989794
2455515.6206057 0.0002496539790456525 0.00019827008108010689
2455515.631717 0.00033578102316388233 0.00022706819186686856
2455515.6414393 0.00030877516854985605 0.00016327611732333146
2455515.6525505 0.00023395818197801673 0.00015123275843173246
2455515.6622729 0.00038740266202419026 0.00010634335689462355
2455515.6733841 0.0003526114018427815 0.0002769068064157491
2455515.6831053 0.00018295386045449262 0.0001884296589257172
2455515.6942166 0.0001325526774299916 0.0002621693935882977
2455515.703939 0.0002970202250833769 0.00018812674121394577
2455515.7150502 8.697820866467219e-05 0.00022778660923889377
2455515.7247679 0.00014534451143588818 0.00024013541816163557
2455515.7358839 0.0003350083342718468 0.00013294050888904048
2455515.7456051 0.0004558263590359737 0.000290952305530173
2455515.7567163 9.75814152281612e-05 0.00039980092286797346
2455515.7664387 7.75873574541195e-05 0.00034871817054001254
2455515.7775499 -0.00010452288300063812 0.00026873491219057223
2455515.7872723 0.00035136807157871346 0.0002929171408403209
2455515.7983836 -2.8656634847803746e-05 0.00023128886996378833
2455515.8081048 0.00025836080845307923 0.0002470407620618736
2455515.8192161 0.0003854849560994628 0.00044919904500808017
2455515.8289384 0.0002558590329297525 0.0003507222158412499
2455515.8400497 0.00017433376353086116 0.0005283430676876824
2455515.8497674 0.0004087060662138626 0.00045765223871413886
2455515.8608833 0.00031847016623978735 0.0004128323774286611
2455515.8706057 0.0005262193670901622 0.0002681827490106674
2455515.8817158 0.000479093072579068 0.0004371284466771752
2455515.8914382 0.0002173130280725638 0.0004658506828337157
2455515.9025495 0.00039501889449970794 0.0005642843571958213
2455515.9122719 0.000574053895112772 0.0006524920212401084
2455515.9233831 0.0005158642339634212 0.0005630079132111478
2455515.9331055 0.00038806330219487667 0.0005761427777766397
2455515.9442156 0.00039931112986993253 0.0006819711117270734
2455515.9539379 0.0005926732165234013 0.000689503278427689
2455515.9650492 0.0005275487877856299 0.0006691510735222467
2455515.974767 0.0005719423409085432 0.0008171851346178165
2455515.9893562 0.0 0.0
2455515.9990786 0.0 0.0
2455516.0101899 0.0 0.0
2455516.0199122 0.0 0.0
2455516.0310235 0.000793692674251339 0.0007476840486239517
2455516.0407459 0.000677098038326918 0.0008311734755952454
2455516.0518561 0.00032520174012202444 0.0008068641175632953
2455516.0615783 0.0003530112755829779 0.0008189470620915245
2455516.0726896 0.0006782934736625813 0.0007148908939804255
2455516.0824121 0.0005070469449144131 0.0007705469811472768
2455516.0935232 0.0006293934047396015 0.0007697699600092021
2455516.103241 0.000750250542762352 0.0005352386985714018
2455516.1143558 0.0007454972275552166 0.0005067775474842771
2455516.1240781 0.0005719176066498169 0.0004814647736749806
2455516.1351894 0.0005261577459165654 0.0005462433201818633
2455516.1449118 0.0005565906264119773 0.0005024267803489229
2455516.156023 0.0002506767679235705 0.00045918541070401434
2455516.1657454 0.000487870516735474 0.000532066792958445
2455516.1768567 0.0003688885131090526 0.00036098810418816213
2455516.1865779 0.00048270265639318894 0.00036027964322575047
2455516.1976891 0.0007078165205025008 0.0003740653057608406
2455516.2074115 0.0006369232352033621 0.00020668458609284854
2455516.2185228 0.00047247188477678073 0.00024134003078907272
2455516.2282406 0.00046663729834418795 0.00017605064646921802
2455516.2393564 0.0006168215298314319 0.00017714415207596473
2455516.2490776 0.00023215592567320714 0.00027851137903435973
2455516.2601888 4.657350518204045e-05 0.00013493966564994105
2455516.2699112 0.0003820529825627223 0.00021242030177569192
2455516.2810225 0.000216009215902521 0.00021409764864779976
2455516.2907449 0.0004015041226610246 0.00010343531029111449
2455516.3018561 0.0001026636077370191 0.00020978025450413046
2455516.3115774 0.00044853266267367653 0.00016607751326788277
2455516.3226886 0.0002806768319061808 0.0002662920347455028
2455516.332411 0.0003426957820133612 0.00010563070215664414
2455516.3435222 0.0002611677227544278 6.530066667844421e-05
2455516.35324 0.0006581988974910159 5.5144509423439724e-05
2455516.3643558 0.0005088429957564009 0.00019557460126356713
2455516.3740771 0.0004494071051023541 0.00016551097904565502
2455516.3851885 0.00025967690780206244 6.20259733798295e-05
2455516.3949108 -7.538582469173463e-05 0.00018227241136576142
2455516.4060219 0.00035553230104759553 8.375754378314126e-05
2455516.4157443 0.00026561355234324015 0.00015702156960533477
2455516.4268557 0.00019456976635550983 8.292794265226423e-05
2455516.4365769 0.0004147068987377858 6.262503036214755e-05
2455516.4476881 0.0003550808742092413 0.00021385693851230314
2455516.4574105 0.00018578472277545134 0.00029325126745475833
2455516.4685218 0.00011963727839062214 0.00018552025093000876
2455516.4782394 0.00010754710272243801 0.000317444667376837
2455516.4893554 0.00044551460239706413 0.00025921832834701323
2455516.4990777 0.0005944042889920497 0.00028958998288534184
2455516.5101878 0.0003668825112185427 0.00027097915795611506
2455516.5199102 0.00018351258181869618 0.00018186937893196936
2455516.5310215 0.00031921217027614977 0.00021122751321409492
2455516.5407438 0.000311361446343501 0.0002069802636368995
2455516.5518551 0.0002816147173442202 0.00031790421257315107
2455516.5615774 0.00021602710917833102 0.00046884696649543764
2455516.5726875 0.0001438315550929109 0.0003370803136403272
2455516.5824099 0.0002562419788632206 0.0004901916957183862
2455516.5935212 0.00039796332281315266 0.0003939998720151102
2455516.603239 0.00031235909403989985 0.00045358960080696387
2455516.6178271 0.0011766012146575825 0.0003510432229055571
2455516.6275494 0.0005306906620086614 0.000398880412970329
2455516.6386607 0.0003795820735580771 0.0005650770523636811
2455516.648383 0.0002701374966897676 0.0004465285381596364
2455516.6594943 0.000510653925132848 0.0005366178976400918
2455516.6692167 0.0002862360920932206 0.0004360236322448662
2455516.6803268 0.0 0.0
2455516.6900491 0.00048807192306945694 0.0005758698172121607
2455516.7011605 0.0006893503350451024 0.00033598895924637825
2455516.7108827 0.0003832635209351989 0.0003075976288992566
2455516.721994 0.00023722151439512136 0.0004050085576290773
2455516.7317118 0.00034950178454678664 0.000360037584164241
2455516.7428266 0.0006325161731744817 0.0004892194287687408
2455516.7525488 0.00029730670764039046 0.0004822878294834312
2455516.7636602 0.0003885443153961761 0.0005167864694604062
2455516.7733826 0.0004384641734061977 0.0004223377951230991
2455516.7844937 0.0004890627126068804 0.00042522416392126445
2455516.7942162 0.00037731363200843576 0.0004989994823197114
2455516.8053275 0.00039251553160476706 0.0004468048331322165
2455516.8150486 0.0003629308094244924 0.0005249366406930544
2455516.8261599 0.00046573419623419267 0.00043202481701545587
2455516.8358823 0.0003127423774227878 0.0004206095429622517
2455516.8469935 0.00020345974846448258 0.0004685509384044485
2455516.8567112 0.0005208986991599244 0.0005246311139508606
2455516.8678271 0.0004944326106024306 0.00044372246987190757
2455516.8775484 0.00034438679968536217 0.0004155336567884917
2455516.8886596 0.00042616875627301165 0.0004224400463930704
2455516.898382 0.00047435710702959586 0.00040563520997451114
2455516.9094933 0.00041009778859353943 0.00039556455731010507
2455516.9192156 0.00024391849470811476 0.00034243347765900963
2455516.9303268 0.00048452717939546474 0.0003943967552983581
2455516.9400481 0.00036918099603059056 0.0004391242227493529
2455516.9511594 0.0005782974492886497 0.00026166978933770497
2455516.9608817 0.0003832454304826581 0.0001970104586689672
2455516.971993 0.000223012386438266 0.00047340617397902503
2455516.9817108 0.0005920999387387998 0.0002514776690465382
2455516.9928266 0.0006688234728625146 0.00032930343080197176
2455517.0025478 0.0005601177692073396 0.0002990339187563742
2455517.0136591 0.00041400752719424663 0.0002394554812270273
2455517.0233814 0.0005280784720006485 0.0003208130423941509
2455517.0344927 0.000303854812187632 0.00011625482549094982
2455517.0442151 0.0002679161176601499 0.00012870692504980642
2455517.0553264 3.102838822421874e-06 0.00030683719530044543
2455517.0650475 6.2204139584016975e-06 0.00023079113389729627
2455517.0761588 0.0003512064183846839 0.00020454053575641662
2455517.0858813 0.00018252807255160093 0.0001994863765234633
2455517.0969924 0.00014461735443798695 0.0001742603022434404
2455517.1067101 0.0001659044331392228 0.00016852937474557742
2455517.1178261 0.0004460627658743565 3.206816345135662e-05
2455517.1275484 0.0002077034086971328 0.00016600821229247555
2455517.1386585 8.10082578412991e-05 5.7815131668158725e-05
2455517.1483809 0.00024818671696520087 0.00013188500055662827
2455517.1594922 0.0003788619837120202 4.458329072373019e-05
2455517.1692145 0.00037171014599936616 9.713624147716681e-05
2455517.1803258 0.00022534645691617007 0.00013847879458677952
2455517.1900482 4.4418805010259015e-05 0.00024480491413757255
2455517.2011582 0.00014752517249674952 0.00024514341431489903
2455517.2108806 0.00018902223961533225 0.0002365467913736508
2455517.221992 0.00030983009414335753 0.00021600737902333886
2455517.2317096 5.666724356227567e-05 0.0002628311716496109
2455517.2486046 0.0 0.0
2455517.2694383 0.0 0.0
2455517.290272 0.0 0.0
2455517.3111055 0.0 0.0
2455517.3319381 0.0 0.0
2455517.3527718 0.0 0.0
2455517.3736053 0.0 0.0
2455517.3944378 0.0 0.0
2455517.4152714 0.0 0.0
2455517.4361051 0.0 0.0
2455517.4569375 0.0 0.0
2455517.4777711 0.0 0.0
2455517.4986048 0.0 0.0
2455517.5194372 0.0007291931265813274 0.0006010708082263775
2455517.5402709 0.0007381734799613638 0.0006073016585864881
2455517.5611045 0.0007776864246525038 0.00043125126079252593
2455517.5819369 0.0006248159257176599 0.00043837007712142523
2455517.6027707 0.0008142155044248387 0.0006393493215318001
2455517.6236042 0.0006152865177956354 0.00045803009274304946
2455517.6444367 0.0007913089887451412 0.0003127563709536688
2455517.6652704 0.0006300865874957756 0.00037360034130633647
2455517.686104 0.0005239747015038788 0.0003046947597393409
2455517.7069365 0.0003019681159057532 0.0003400444793758703
2455517.7277701 0.00046489477152306916 0.00024324922883518527
2455517.7486037 0.00019032984524049718 0.00022106717149351587
2455517.7694363 0.0005667871348229922 0.00011267480442590787
2455517.7902699 0.0004037240755037631 0.0001309813742986323
2455517.8111036 0.0006065238251836278 0.00015240824999418706
2455517.831936 0.0005766657659373267 0.00021349369028776153
2455517.8527696 0.0005147338733451375 0.00016126467072872903
2455517.8770756 0.0 0.0
2455517.8979092 0.0003563687331664898 0.00019529593290157352
2455517.9187428 0.0003743420639461667 0.00020414523559087323
2455517.9395765 0.00031098972386712435 0.00011813337383209857
2455517.960409 0.0001815799102797649 0.00024760354671029975
2455517.9812426 0.00040939346511349733 0.00011074073841884136
2455518.0020762 0.00036855319427076905 0.00015967807041294675
2455518.0229087 0.0002881280813000308 0.0001218154969391025
2455518.0437424 0.00012347948706256266 4.230240315042723e-05
2455518.064576 0.00044815105456145576 0.00015416782861069658
2455518.0854085 0.00021463500828275073 0.00013432236701303458
2455518.1062421 0.0003762700418986057 0.00013810215788212317
2455518.1270757 0.00024872186028865366 0.00011867138673144059
2455518.1479083 0.0003536372113630273 0.0002418356513133655
2455518.1687419 0.000605007313959702 0.00018951855727439095
2455518.1895755 0.0006724009886245994 0.00037454094308712427
2455518.210408 0.00041375406563066313 0.00048141325371801224
2455518.2312416 0.0009389002872608494 0.00038658059064116003
2455518.2520753 0.0008811678029730285 0.0005784837021950263
2455518.2729077 0.0008838092845517144 0.0005736716797520231
2455518.2937413 0.00044698255507713916 0.000331100521732725
2455518.3145749 0.0005364929686338438 0.0006726224297385003
2455518.3354073 0.0004278045046833159 0.0005845438742501087
2455518.3562408 0.0003874822855860573 0.0005546426490533342
2455518.3770745 0.00024017272230588901 0.0005943904043979425
2455518.3979069 0.0004224801906672632 0.00048574418051904186
2455518.4187406 0.0003415028790157358 0.00044068313134630155
2455518.4395742 0.0002996011398959101 0.00044425468685067035
2455518.4604066 0.00022155722529143394 0.0003165242219316687
2455518.4812404 0.000453035092308715 0.0003287108067329256
