 298      4000003     203.328      21.747
 298      4000005     203.599      20.479
 298      4000007     202.998      19.800
 298      4000009     202.838      19.125
 298      4000011     202.796      19.562
 298      4000013     203.325      18.290
 298      4000015     203.398      17.321
 298      4000017     202.959      17.567
 298      4000019     203.131      16.645
 298      4000021     203.253      14.864
 298      4000023     201.432      15.189
 298      4000025     200.404      14.554
 298      4000027     199.518      13.540
 298      4000029     199.379      13.063
 298      4000031     208.381      19.873
 298      4000033     208.254      19.258
 298      4000035     208.517      18.522
 298      4000037     207.528      16.652
 298      4000039     207.642      16.180
 298      4000041     210.151      17.399
 298      4000043     209.205      15.359
 298      4000045     208.193      17.519
 298      4000047     208.261      18.534
 298      4000049     207.066      18.537
 298      4000051     206.986      17.782
 298      4000053     205.392      19.224
 298      4000055     204.826      19.414
 298      4000057     202.950      20.409
 298      4000059     201.798      21.471
 298      4000061     199.107      23.429
 298      4000063     196.904      23.887
 299      4000003     198.224      11.356
 299      4000005     198.181      11.295
 299      4000007     199.244      10.341
 299      4000009     200.047      10.442
 299      4000011     200.079      11.331
 299      4000015     198.765      13.502
 299      4000017     198.492      13.947
 299      4000019     196.832      16.196
 299      4000021     197.741      16.979
 299      4000023     198.788      18.785
 299      4000025     199.543      17.420
 299      4000027     201.003      15.184
 299      4000029     202.081      13.373
 299      4000033     200.417      12.526
 299     4000033_     203.670      12.402
 299      4000035     200.866      12.353
 299      4000037     198.134      13.183
 299      4000039     195.965      14.684
 299      4000041     197.044      14.430
 299      4000043     197.770      13.621
 299      4000045     197.926      13.405
 299      4000047     197.954      11.562
 299      4000049     198.130      12.476
 299      4000051     199.635      12.049
 299      4000053     200.031      10.329
 299      4000055     199.119       9.775
 299      4000057     199.121      10.475
 299      4000059     200.787      10.382
 299      4000061     201.473       9.806
 299      4000063     202.950      10.423
 300      4000037     200.023      13.800
 300      4000039     199.975      15.274
 300      4000041     199.204      15.328
 300      4000043     199.272      14.244
 300      4000045     200.296      15.314
 300      4000047     201.505      16.163
 300      4000049     203.262      17.442
 300      4000051     203.570      19.070
 300      4000053     203.174      20.151
 300      4000055     203.392      19.835
 300      4000057     204.236      21.368
 300      4000059     205.224      22.312
 300      4000061     205.488      21.142
 300      4000063     207.497      22.052
 301     4000001_     193.095      11.095
 301      4000003     202.037      13.003
 301     4000003_     189.995      10.296
 301      4000005     204.090      13.172
 301     4000005_     188.031      12.596
 301      4000007     203.598      13.555
 301     4000007_     191.148      12.350
 301      4000009     201.237      14.312
 301     4000009_     193.381      14.972
 301      4000011     199.444      15.355
 301     4000011_     198.240      13.475
 301      4000013     202.129      13.353
 301      4000015     201.496      12.531
 301      4000017     200.414      13.578
 301      4000021     196.347      14.054
 301      4000035     200.661      15.026
 301      4000037     199.568      14.352
 301      4000039     217.423      19.895
 301      4000041     198.019      10.986
 301      4000043     201.145      14.458
 301      4000045     198.712      13.564
 302      4000023     196.189      15.184
 302      4000025     196.057      16.060
 302      4000027     197.046      16.372
 302      4000029     198.105      19.252
 302      4000031     195.067      25.142
 302      4000033     192.643      29.478
 302      4000035     193.274      29.224
 302      4000037     202.841      17.419
 302      4000039     202.261      19.104
 302      4000041     230.183      16.192
 302      4000043     204.402      26.834
 302      4000045     193.971      24.302
 302      4000047     202.552      14.819
 303      4000003     197.209      10.612
 303      4000005     195.109      12.304
 303      4000007     194.243      12.562
 303      4000009     195.385      11.202
 303      4000011     197.119       9.250
 303      4000013     198.942       9.056
 303      4000015     199.928      12.549
 303      4000017     201.062      14.173
 303      4000021     203.256      12.189
 303      4000023     198.205       6.206
 303      4000025     199.515       9.591
 303      4000027     199.604      11.440
 303      4000029     202.658      12.299
 303      4000031     204.721      13.252
 303      4000033     202.204      16.791
 303      4000035     199.273      13.757
 303      4000039     199.814      16.968
 303      4000041     201.192      16.235
 303      4000043     198.669      15.887
 303      4000045     204.281      18.149
 303      4000047     203.700      16.425
 304      4000003     191.769      21.527
 304      4000005     191.681      21.202
 304      4000007     194.076      17.141
 304      4000009     195.353      13.566
 304      4000011     195.872      13.029
 304      4000013     198.605      10.163
 304      4000015     201.553      10.220
 304      4000017     202.394       9.225
 304      4000021     206.172       8.563
 304      4000023     203.299      14.087
 304      4000025     206.527      14.615
 304      4000027     209.347      14.302
 304      4000029     207.096      15.133
 304      4000031     202.951      17.404
 304      4000033     198.578      21.016
 304      4000035     197.815      22.066
 304      4000037     202.597      20.238
 304      4000039     201.952      20.018
 304      4000041     200.798      17.188
 304      4000043     200.932      18.270
 304      4000045     200.069      15.886
 304      4000047     197.619      20.651
 305      4000003     210.884      25.989
 305      4000005     211.467      27.431
 305      4000007     213.050      25.031
 305      4000009     215.128      22.370
 305      4000011     213.276      21.496
 305      4000013     211.508      18.106
 305      4000015     208.521      16.371
 305      4000017     204.127      17.280
 305      4000019     202.388      18.473
 305      4000021     197.936      21.166
 305      4000023     207.966       7.116
 305      4000025     203.887      11.042
 305      4000027     201.958      12.222
 305      4000031     201.037      12.282
 305      4000033     203.775      13.106
 305      4000035     203.979      14.086
 305      4000037     205.030      22.867
 305      4000039     201.657      17.922
 305      4000041     200.866      17.099
 305      4000043     204.256      23.012
 305      4000045     201.718      20.807
 305      4000047     193.821      14.079
 306      4000003     204.711      20.399
 306      4000005     207.944      20.654
 306      4000007     206.694      19.493
 306      4000009     203.782      22.470
 306      4000023     197.368      20.452
 306      4000025     203.248      17.259
 306      4000027     207.486      15.327
 306      4000029     206.937      16.043
 306      4000031     207.132      15.266
 306      4000033     207.023      14.971
 306      4000035     207.017      14.752
 306      4000037     205.327      19.076
 306      4000039     200.825      15.748
 306      4000041     208.772      21.022
 306      4000043     199.032      16.888
 306      4000045     204.923      16.115
 306      4000047     205.029      18.884
 307      4000013     199.651      26.272
 307      4000015     199.526      26.060
 307      4000019     200.668      23.248
 307      4000021     201.468      20.047
 307      4000035     201.043      19.944
 307      4000037     198.091      13.848
 307      4000041     201.128      19.930
 307      4000043     203.040      22.247
 307      4000045     206.754      23.124
 307      4000047     202.067      21.218
 309      4002500     206.870      27.842
 309      4002600     206.045      27.698
 309      4003000     206.796      23.973
 309      4003100     207.181      22.687
 309      4003200     208.855      22.179
 309      4003300     210.892      21.853
 309      4003400     212.933      22.056
 309      4003500     215.161      23.636
 309      4003600     216.787      22.318
 309      4003700      69.858      24.018
 309      4003800     214.830      24.260
 309      4003900     213.056      26.281
 309      4004100     212.301      28.404
 309      4004200     210.060      29.699
 309      4004300     207.266      30.479
 309      4004400     206.153      31.965
 309      4004500     203.527      32.274
 309      4004600     200.902      33.416
 309      4004700     198.011      32.368
 309      4004800     194.147      31.963
 309      4004900     193.109      32.411
 309      4005000     192.101      34.357
 309      4005100     192.089      36.052
 309      4005200     193.737      36.869
 309      4005300     194.919      37.935
 309      4005400     194.987      38.043
 309      4005500     195.790      38.151
 309      4005600     195.652      37.610
 309      4005700     195.628      35.816
 309      4005800     195.766      35.383
 309      4005900     195.926      34.127
 309      4006000     196.609      33.951
 309      4006100     195.529      33.673
 309      4006200     195.705      31.791
 309      4006300     195.086      31.290
 309      4006400     194.876      30.216
 309      4006500     196.188      30.225
 309      4006600     196.489      31.771
 309      4006700     196.965      29.878
 309      4006800     195.780      27.203
 309      4006900     195.801      25.930
 309      4007000     195.364      24.709
 309      4007100     196.960      25.854
 309      4007200     199.709      27.833
 310      4007500     199.730      30.061
 310      4007600     199.151      33.391
 310      4007700     199.233      32.841
 310      4007800     199.755      33.945
 310      4007900     199.621      34.213
 310      4008000     196.576      33.198
 310      4008100     194.445      33.228
 310      4008200     192.980      33.847
 310      4008300     192.168      33.634
 310      4008400     191.979      35.863
 310      4008500     192.865      36.523
 310      4008600     192.912      38.725
 310      4008700     193.908      41.227
 310      4008800     193.520      40.399
 310      4008900     193.425      41.141
 310      4009000     193.262      41.666
 310      4009100     194.818      42.253
 310      4009200     194.919      42.550
 310      4009300     195.010      42.003
 310      4009400     194.353      42.037
 310      4009500     193.949      39.903
 310      4009600     193.418      37.850
 310      4009700     194.212      38.080
 310      4009800     194.995      38.457
 310      4009900     194.688      38.631
 310      4010000     196.148      37.890
 310      4010100     196.673      37.917
 311     4100001_     203.819       8.427
 311     4100003_     203.134       8.810
 311     4100005_     203.288       9.733
 311     4100007_     203.164       9.665
 311      4100009     196.934      13.136
 311     4100009_     203.173      11.145
 311      4100011     196.626      11.987
 311     4100011_     203.161      12.207
 311      4100013     196.768      10.934
 311      4100015     196.867      10.199
 311      4100017     197.611      10.050
 311      4100019     198.609      10.614
 311      4100021     199.942      11.198
 311      4100023     201.021      10.377
 311      4200001     201.528       9.179
 311      4200003     201.787       9.189
 311      4200005     201.551       9.874
 311      4200007     200.965       9.404
 311      4200009     201.014       9.657
 311      4200011     201.057       9.519
 311      4200013     201.639      10.270
 311      4200015     202.371      10.421
 311      4200017     203.009      10.637
 311      4200019     202.781      11.014
 311      4200021     203.006      12.578
 311      4300001     204.374      13.678
 311      4300003     204.077      11.950
 311      4300005     204.241      12.388
 311      4300007     203.915      11.708
 311      4300009     203.555      12.385
 311      4300011     203.443      12.530
 311      4300013     203.169      11.505
 311     4300013_     197.401       9.186
 311      4300015     198.137       9.981
 311     4300015_     202.659      11.352
 311      4300017     199.228      11.792
 311     4300017_     203.549      11.548
 311      4300019     200.376      13.322
 311     4300019_     204.186      11.949
 311      4300021     201.166      14.681
 311     4300021_     203.423      11.561
 311      4300023     201.213      15.104
 311     4300023_     203.304      11.016
 311      4400001     201.322      16.367
 311     4400001_     204.547      11.519
 311      4400003     200.692      17.446
 311     4400003_     205.584      11.712
 311     4400005_     206.731      12.483
 311      4400007     199.137      19.171
 311     4400007_     207.239      12.770
 311      4400009     198.246      19.833
 311     4400009_     207.442      13.264
 311      4400011     198.146      20.465
 311     4400011_     207.791      13.846
 311      4400013     199.004      22.122
 311     4400013_     208.581      14.575
 311      4400015     199.058      22.913
 311     4400015_     209.269      14.279
 311      4400017     199.666      24.422
 311     4400017_     209.507      14.765
 311      4400019     199.155      24.445
 311     4400019_     210.395      14.913
 311      4400021     198.886      25.273
 311     4400021_     210.778      14.910
 311      4400023     198.946      25.367
 311     4400023_     210.309      13.750
 311      4500001     198.072      25.273
 311     4500001_     210.257      13.443
 311      4500003     196.993      24.747
 311     4500003_     210.386      13.481
 311      4500005     195.901      23.522
 311     4500005_     210.362      13.649
 311      4500007     195.114      21.983
 311     4500007_     209.339      12.216
 311      4500009     194.949      21.391
 311     4500009_     208.995      11.202
 311      4500011     194.647      20.563
 311     4500011_     208.989      10.438
 311      4500013     193.474      19.503
 311     4500013_     208.559      11.199
 311      4500015     192.664      17.869
 311     4500015_     207.996      10.729
 311      4500017     192.534      16.530
 311     4500017_     207.146       9.914
 311      4500019     192.510      15.351
 311     4500019_     206.494       9.136
 311      4500021     193.468      15.354
 311     4500021_     205.268       8.296
 311      4500023     194.043      14.426
 311     4500023_     204.888       8.204
 312      4100003     197.158       5.362
 312      4100005     196.661       6.524
 312      4100007     196.607       6.688
 312      4100009     197.133       7.347
 312      4100011     197.635       8.816
 312     4100013_     197.760       9.332
 312      4100015     202.055      13.819
 312     4100015_     197.419       8.861
 312      4100017     202.723      14.583
 312     4100017_     197.375       8.879
 312      4100019     201.942      14.336
 312     4100019_     196.865       8.504
 312      4100021     201.529      14.775
 312     4100021_     196.265       9.295
 312      4100023     201.005      14.758
 312      4200001     200.472      14.962
 312     4200001_     195.167       9.324
 312      4200003     200.060      14.597
 312     4200003_     195.236       9.434
 312      4200005     200.559      15.562
 312     4200005_     195.576      10.142
 312      4200007     200.968      15.641
 312     4200007_     196.118      10.620
 312      4200009     200.977      15.594
 312     4200009_     196.214      11.861
 312      4200011     201.472      16.224
 312     4200011_     196.160      12.609
 312      4200013     201.929      16.678
 312     4200013_     196.439      13.800
 312      4200015     202.655      16.409
 312     4200015_     197.176      14.228
 312      4200017     203.510      16.497
 312     4200017_     197.399      14.104
 312      4200019     203.991      16.444
 312     4200019_     197.442      13.994
 312      4200021     205.100      16.582
 312     4200021_     197.375      13.244
 312      4200023     204.710      15.095
 312     4200023_     197.936      11.934
 312      4300001     203.541      13.785
 312     4300001_     198.172      11.368
 312      4300003     202.505      12.044
 312     4300003_     198.421      11.516
 312      4300005     201.507      11.787
 312     4300005_     198.161      11.007
 312      4300007     201.515      11.021
 312     4300007_     198.182      10.686
 312      4300009     200.981      10.564
 312     4300009_     197.292      10.104
 312      4300011     201.316       9.911
 312     4300011_     197.251       9.569
 312      4300013     201.347       9.222
 312     4300013_     197.283      10.404
 312      4300015     200.886       8.329
 312     4300015_     197.783      10.804
 312      4300017     200.747       7.858
 312     4300017_     198.043      11.250
 312      4300019     200.647       7.780
 312     4300019_     197.977      11.045
 312      4300021     200.001       8.004
 312     4300021_     197.948      11.266
 312      4300023     199.776       7.335
 312     4300023_     197.833      10.550
 312      4400001     199.060       7.376
 312     4400001_     198.039      10.993
 312      4400003     198.720       7.191
 312     4400003_     199.193      11.293
 312      4400005     198.588       7.032
 312     4400005_     201.334      13.091
 312      4400007     199.667       6.755
 312     4400007_     203.023      12.832
 312      4400009     199.871       7.712
 312     4400009_     203.878      13.053
 312      4400011     200.738       8.407
 312      4400013     201.568      10.100
 312      4400015     200.962       9.556
 312      4400017     200.309       8.913
 312      4400019     200.150       8.442
 312      4400021     199.872       8.281
 312      4400023     200.121       7.676
 312      4500001     200.715       7.351
 312      4500003     200.306       7.500
 312      4500005     200.372       6.678
 312      4500007     199.763       5.777
 312      4500009     199.105       5.589
 312      4500011     199.381       6.355
 312      4500013     199.956       7.335
 312      4500015     199.337       7.691
 312      4500017     199.057       7.685
 312      4500019     198.488       7.466
 312      4500021     198.407       6.672
 312      4500023     198.346       5.986
 313     4100001_     198.033      16.684
 313      4100003     209.041      10.538
 313     4100003_     198.435      16.553
 313      4100005     210.182      11.622
 313     4100005_     199.061      17.095
 313      4100007     211.089      12.233
 313     4100007_     199.840      16.838
 313      4100009     210.980      13.282
 313     4100009_     200.142      16.606
 313      4100011     211.014      13.324
 313     4100011_     200.272      16.350
 313      4100013     210.491      14.279
 313     4100013_     200.921      16.190
 313      4100015     210.475      14.591
 313     4100015_     199.930      14.864
 313      4100017     209.928      14.139
 313     4100017_     200.031      14.985
 313      4100019     209.143      14.138
 313     4100019_     200.157      15.354
 313      4100021     207.924      13.478
 313     4100021_     200.520      15.768
 313     4100023_     201.221      16.348
 313      4200001     206.282      13.561
 313     4200001_     200.587      16.390
 313      4200003     205.363      13.132
 313     4200003_     200.274      16.942
 313      4200005     203.377      12.509
 313     4200005_     199.655      17.464
 313      4200007     202.952      11.743
 313     4200007_     199.599      17.360
 313      4200009     202.229      10.616
 313      4200011     203.072      10.810
 313      4200013     204.332      11.916
 313      4200015     205.193      11.872
 313      4200017     205.897      11.826
 313      4200019     205.947      11.353
 313      4200021     205.818      11.042
 313      4200023     205.818      10.395
 313      4300001     205.165      10.188
 313      4300003     204.845      10.026
 313      4300005     204.005       9.746
 313      4300007     203.969       9.423
 313      4300009     203.820       9.072
 313      4300011     203.800       9.739
 313      4300013     203.038      10.331
 313      4300015     202.597      10.269
 313      4300017     202.052      10.840
 313      4300019     201.888      11.408
 313      4300021     201.937      12.384
 313      4300023     202.152      12.571
 313      4400001     202.760      13.189
 313      4400003     202.125      12.820
 313      4400005     201.524      12.608
 313      4400007     201.118      12.839
 313      4400009     200.900      13.253
 313      4400011     205.179      13.683
 313     4400011_     200.895      12.973
 313      4400013     207.150      14.269
 313     4400013_     201.438      14.135
 313      4400015     208.403      13.864
 313     4400015_     202.174      14.769
 313      4400017     210.149      13.872
 313     4400017_     203.723      15.803
 313      4400019     211.164      13.659
 313     4400019_     204.679      16.398
 313      4400021     211.562      14.167
 313     4400021_     204.873      17.638
 313      4400023     212.129      13.034
 313     4400023_     204.115      17.984
 313      4500001     211.956      12.249
 313     4500001_     203.878      18.175
 313      4500003     211.224      11.283
 313     4500003_     203.081      18.476
 313      4500005     210.193      10.314
 313     4500005_     202.657      18.212
 313      4500007     209.141       9.210
 313     4500007_     201.780      18.422
 313      4500009     207.508       8.652
 313     4500009_     201.011      17.660
 313      4500011     206.383       8.463
 313     4500011_     200.640      16.865
 313      4500013     206.270       8.299
 313     4500013_     199.981      17.511
 313      4500015     207.100       8.447
 313     4500015_     199.877      16.842
 313      4500017     208.035       9.437
 313     4500017_     199.676      16.773
 313      4500019     208.117       9.868
 313     4500019_     199.613      17.305
 313      4500021     207.360       9.707
 313     4500021_     199.064      17.997
 313      4500023     206.561       9.313
 313     4500023_     198.752      17.173
 314      4100003     200.353      14.925
 314      4100005     200.520      15.684
 314      4100007     200.070      15.362
 314      4100009     198.803      14.827
 314      4100011     198.231      14.543
 314      4100013     198.064      14.884
 314      4100015     198.059      14.652
 314      4100017     197.826      14.289
 314      4100019     197.697      14.071
 314      4100021     197.499      15.288
 314      4100023     197.406      15.332
 314      4200001     197.545      16.394
 314      4200003     197.791      17.837
 314      4200005     198.096      18.328
 314      4200007     197.958      17.937
 314      4200009     197.898      18.189
 314      4200011     201.462      18.590
 314     4200011_     198.025      18.173
 314      4200013     202.234      18.661
 314     4200013_     198.633      18.329
 314      4200015     202.328      18.170
 314     4200015_     199.095      17.739
 314      4200017     202.266      17.676
 314     4200017_     199.545      17.588
 314      4200019     201.371      17.637
 314     4200019_     199.697      17.953
 314      4200021     200.484      17.065
 314     4200021_     199.607      18.954
 314      4300001     201.181      15.721
 314     4300001_     199.815      19.549
 314      4300003     201.245      15.764
 314     4300003_     199.720      19.149
 314      4300005     200.517      15.912
 314     4300005_     199.687      19.050
 314      4300007     199.593      15.394
 314     4300007_     200.199      19.050
 314      4300009     198.445      14.892
 314     4300009_     200.910      18.783
 314      4300011     197.609      14.409
 314     4300011_     200.999      18.894
 314      4300013     196.527      14.174
 314     4300013_     201.209      19.598
 314      4300015     195.286      13.119
 314     4300015_     200.936      19.104
 314      4300017     194.260      13.836
 314     4300017_     200.255      18.530
 314      4300019     193.127      13.533
 314     4300019_     200.020      17.812
 314      4300021     192.259      14.306
 314     4300021_     199.294      18.252
 314      4300023     192.304      13.729
 314     4300023_     199.190      18.634
 314      4400001     192.887      14.293
 314     4400001_     198.317      18.364
 314      4400003     193.070      14.324
 314     4400003_     198.388      18.306
 314      4400005     193.401      14.830
 314     4400005_     198.150      18.940
 314      4400007     194.271      15.109
 314     4400007_     198.110      19.628
 314      4400009     194.112      14.587
 314     4400009_     197.596      19.667
 314      4400011     194.390      14.972
 314     4400011_     198.255      19.944
 314      4400013     194.270      15.511
 314     4400013_     198.349      19.843
 314      4400015     194.872      16.254
 314     4400015_     198.304      18.871
 314      4400017     195.116      16.600
 314     4400017_     197.480      17.739
 314      4400019     195.095      16.363
 314     4400019_     197.346      17.157
 314      4400021     195.593      17.287
 314     4400021_     197.173      17.014
 314      4400023     195.993      17.913
 314     4400023_     196.188      16.272
 314      4500001     196.997      18.808
 314     4500001_     195.419      15.447
 314      4500003     198.203      19.083
 314     4500003_     194.643      15.357
 314      4500005     199.661      19.146
 314     4500005_     194.444      15.359
 314      4500007     200.075      18.000
 314     4500007_     194.587      15.226
 314      4500009     200.604      17.580
 314      4500011     200.216      16.695
 314      4500013     199.759      15.877
 314      4500015     199.772      14.885
 314      4500017     200.012      15.010
 314      4500019     199.982      15.457
 314      4500021     200.038      15.786
 314      4500023     199.995      14.942
 315      4100003     197.104      20.833
 315      4100005     196.115      21.031
 315      4100007     195.316      20.563
 315      4100009     194.306      20.558
 315     4100009_     199.134      26.395
 315      4100011     193.893      20.849
 315     4100011_     199.160      26.429
 315      4100013     193.063      21.181
 315     4100013_     198.768      26.861
 315      4100015     192.101      19.782
 315     4100015_     198.736      26.362
 315      4100017     191.231      19.604
 315     4100017_     199.120      25.933
 315      4100019     190.827      19.446
 315     4100019_     199.232      25.146
 315      4100021     190.249      19.720
 315     4100021_     199.268      24.332
 315      4100023     190.036      18.939
 315     4100023_     199.267      23.015
 315     4200001_     199.287      22.859
 315     4200003_     199.799      22.680
 315     4200005_     199.824      23.150
 315     4200007_     200.096      23.025
 315     4200009_     200.624      22.508
 315     4200011_     200.109      21.527
 315     4200013_     199.970      20.697
 315     4200015_     200.008      19.800
 315      4200017     191.652      13.610
 315     4200017_     199.804      19.099
 315      4200019     191.726      14.080
 315     4200019_     199.895      18.259
 315      4200021     191.823      15.165
 315     4200021_     199.627      18.227
 315      4200023     191.741      14.879
 315     4200023_     198.987      17.089
 315      4300001     191.804      15.625
 315     4300001_     198.855      17.001
 315      4300003     192.113      16.055
 315     4300003_     199.693      16.715
 315      4300005     191.868      15.604
 315     4300005_     199.875      16.430
 315      4300007     192.043      15.540
 315     4300007_     199.875      15.448
 315      4300009     192.120      15.049
 315      4300011     192.961      14.934
 315      4300013     193.955      15.509
 315      4300015     194.889      15.304
 315      4300017     195.412      15.153
 315      4300019     195.340      14.308
 315      4300021     195.500      14.090
 315      4400001     195.243      14.746
 315      4400003     195.168      14.629
 315      4400005     194.622      15.153
 315      4400007     194.512      15.657
 315      4400009     194.971      16.436
 315      4400011     195.007      16.605
 315      4400013     195.199      17.456
 315      4400015     195.326      17.993
 315      4400017     195.105      18.746
 315      4400019     195.208      19.142
 315      4400021     195.369      20.338
 315      4400023     195.949      20.746
 315      4500001     196.288      20.999
 315      4500003     196.361      21.770
 315      4500005     197.113      22.713
 315      4500007     197.314      22.844
 315      4500009     194.508      16.263
 315     4500009_     196.932      22.313
 315      4500011     194.707      16.413
 315     4500011_     196.801      21.877
 315     4500013_     197.178      22.020
 315      4500015     196.259      18.218
 315     4500015_     197.233      21.502
 315      4500017     196.532      18.445
 315     4500017_     196.351      21.147
 315      4500019     197.199      19.113
 315     4500019_     196.865      21.587
 315      4500021     198.075      19.474
 315     4500021_     197.459      22.613
 315      4500023     200.623      18.359
 315     4500023_     198.112      23.320
 316     4100001_     203.014      13.743
 316      4100003     199.096      11.928
 316     4100003_     205.509      15.172
 316      4100005     198.212      11.892
 316     4100005_     203.051      13.845
 316      4100007     197.507      11.118
 316      4100009     197.249      11.202
 316      4100011     196.702      11.814
 316      4100013     197.256      12.678
 316      4100015     197.360      12.894
 316      4100017     197.362      13.296
 316      4100019     197.204      13.329
 316      4100021     196.466      12.753
 316      4100023     196.068      11.743
 316      4200001     195.331      11.722
 316      4200003     194.992      11.517
 316      4200005     194.184      11.682
 316      4200007     193.295      11.129
 316      4200009     192.947      10.887
 316      4200011     191.855      11.247
 316      4200013     191.861      10.107
 316      4200015     191.371       9.371
 316      4200017     191.216       9.394
 316      4200019     191.799       9.783
 316      4200021     192.937      11.199
 316      4200023     193.357      11.289
 316      4300001     193.946      12.510
 316      4300003     194.243      14.080
 316      4300005     194.643      15.695
 316      4300007     195.053      15.508
 316      4300009     199.468      14.212
 316     4300009_     196.094      16.567
 316      4300011     199.041      13.371
 316     4300011_     197.092      17.815
 316      4300013     198.850      13.630
 316     4300013_     198.252      19.850
 316      4300015     199.041      12.955
 316     4300015_     198.854      20.251
 316      4300017     199.977      13.409
 316     4300017_     199.052      20.434
 316      4300019     200.963      13.933
 316     4300019_     199.913      20.968
 316      4300021     201.553      14.117
 316     4300021_     201.645      22.984
 316      4300023     202.111      14.154
 316     4300023_     203.008      23.440
 316      4400001     202.710      14.008
 316     4400001_     205.015      23.851
 316      4400003     202.968      13.957
 316     4400003_     206.604      24.525
 316      4400005     202.948      13.597
 316     4400005_     207.800      25.523
 316      4400007     202.798      15.106
 316     4400007_     208.112      24.894
 316      4400009     202.888      15.909
 316     4400009_     208.884      24.328
 316      4400011     203.536      16.916
 316     4400011_     208.922      23.964
 316      4400013     203.585      18.255
 316     4400013_     209.073      23.814
 316      4400015     203.185      18.191
 316     4400015_     209.051      22.690
 316      4400017     202.790      17.175
 316     4400017_     209.461      21.525
 316      4400019     201.930      16.952
 316     4400019_     209.023      20.600
 316      4400021     202.013      17.804
 316     4400021_     208.853      18.728
 316      4400023     202.001      18.152
 316     4400023_     208.889      17.856
 316      4500001     202.366      17.561
 316     4500001_     208.122      17.596
 316      4500003     202.022      16.326
 316     4500003_     207.398      16.744
 316      4500005     201.457      16.579
 316     4500005_     206.450      16.093
 316      4500007     201.221      15.776
 316     4500007_     205.959      15.855
 316      4500009     201.056      15.365
 316     4500009_     206.062      15.846
 316      4500011     200.512      14.835
 316     4500011_     205.139      15.794
 316      4500013     200.757      14.340
 316     4500013_     204.904      16.238
 316      4500015     200.412      14.017
 316     4500015_     204.958      16.062
 316      4500017     199.351      13.316
 316     4500017_     204.584      16.669
 316      4500019     199.231      13.013
 316     4500019_     204.353      16.216
 316      4500021     198.724      12.518
 316     4500021_     204.926      15.932
 316      4500023     199.249      12.077
 316     4500023_     204.588      14.785
 317      4100003     196.776      16.082
 317      4100005     196.711      16.875
 317      4100007     203.063      13.458
 317     4100007_     196.087      17.183
 317      4100009     203.212      12.811
 317     4100009_     196.137      17.636
 317      4100011     204.007      13.197
 317     4100011_     196.493      17.886
 317      4100013     204.800      13.562
 317     4100013_     196.884      18.672
 317      4100015     205.217      13.638
 317     4100015_     197.257      18.631
 317      4100017     205.778      13.408
 317     4100017_     197.127      19.032
 317      4100019     206.062      13.568
 317     4100019_     197.781      19.348
 317      4100021     206.180      13.863
 317     4100021_     197.030      19.669
 317      4200001     205.290      13.699
 317     4200001_     194.184      18.180
 317      4200003     205.097      13.691
 317     4200003_     192.748      17.306
 317      4200005     204.858      14.053
 317     4200005_     191.835      16.553
 317      4200007     204.064      14.034
 317     4200007_     192.103      16.651
 317      4200009     204.112      13.896
 317     4200009_     192.212      16.468
 317      4200011     204.040      14.682
 317     4200011_     192.443      17.040
 317      4200013     203.350      15.714
 317     4200013_     193.167      17.438
 317      4200015     202.478      15.552
 317     4200015_     193.348      16.806
 317      4200017     202.072      15.174
 317     4200017_     194.279      16.965
 317      4200019     201.180      15.859
 317     4200019_     195.311      17.164
 317      4200021     200.303      16.391
 317     4200021_     196.145      17.585
 317      4200023     199.457      17.038
 317     4200023_     196.399      17.982
 317      4300001     198.512      18.041
 317     4300001_     197.074      17.851
 317      4300003     199.028      18.209
 317     4300003_     198.036      18.157
 317      4300005     199.598      18.893
 317     4300005_     198.330      18.155
 317      4300007     200.145      18.409
 317     4300007_     198.445      17.874
 317      4300009     200.305      19.097
 317     4300009_     199.030      17.454
 317      4300011     200.616      20.112
 317     4300011_     200.040      17.926
 317      4300013     201.135      21.476
 317     4300013_     200.219      18.675
 317      4300015     201.151      20.911
 317     4300015_     200.262      19.214
 317      4300017     201.483      21.521
 317     4300017_     199.995      18.880
 317      4300019     201.418      22.787
 317     4300019_     200.221      18.425
 317      4300021     200.355      23.142
 317     4300021_     200.053      17.807
 317      4300023     199.466      22.700
 317     4300023_     199.198      16.840
 317      4400001     199.166      22.513
 317     4400001_     199.105      16.698
 317      4400003     199.280      22.658
 317     4400003_     199.798      17.024
 317      4400005     199.963      23.241
 317      4400007     199.289      22.803
 317      4400009     198.208      22.677
 317      4400011     197.912      22.693
 317      4400013     197.945      22.893
 317      4400015     198.088      22.782
 317      4400017     198.052      22.140
 317      4400019     198.064      22.499
 317      4400021     197.945      22.957
 317      4400023     197.840      21.867
 317      4500001     197.325      21.299
 317      4500003     197.051      20.875
 317      4500005     196.859      20.414
 317      4500007     197.074      20.421
 317      4500009     197.228      20.609
 317      4500011     197.349      20.210
 317      4500013     197.323      19.818
 317      4500015     196.812      19.174
 317      4500017     196.791      18.891
 317      4500019     196.407      18.765
 317      4500023     196.875      16.478
 318     4100001_     206.493      20.871
 318      4100003     199.176      13.599
 318     4100003_     206.882      21.012
 318      4100005     198.970      12.893
 318     4100005_     207.275      20.651
 318      4100007     199.050      12.853
 318     4100007_     207.298      20.466
 318      4100009     199.207      13.813
 318     4100009_     208.135      20.842
 318      4100011     198.992      13.911
 318     4100011_     208.916      21.522
 318      4100013     199.354      13.806
 318     4100013_     208.953      21.580
 318      4100015     198.921      13.080
 318     4100015_     209.020      20.545
 318      4100017     198.308      12.183
 318     4100017_     207.961      19.172
 318      4100019     198.763      11.672
 318     4100019_     208.143      17.773
 318      4100021     198.860      11.883
 318     4100021_     208.333      17.252
 318      4100023     198.879      11.907
 318     4100023_     208.981      16.145
 318      4200001     199.706      12.193
 318     4200001_     208.726      14.968
 318      4200003     199.612      12.279
 318     4200003_     208.244      13.693
 318      4200005     199.327      11.208
 318      4200007     199.589      10.779
 318      4200009     200.475      11.150
 318      4200011     201.746      11.721
 318      4200013     202.635      12.345
 318      4200015     203.638      13.380
 318      4200017     204.131      12.933
 318      4200019     204.249      12.430
 318      4200021     204.723      12.373
 318      4300001     205.835      12.336
 318      4300003     206.228      11.949
 318      4300005     206.919      12.164
 318      4300007     208.001      12.288
 318      4300009     208.085      12.992
 318      4300011     206.715      13.924
 318      4300013     206.241      14.345
 318      4300015     205.605      15.001
 318      4300017     205.152      15.374
 318      4300019     205.243      15.834
 318      4300021     204.717      17.541
 318      4300023     204.145      17.839
 318      4400001     202.372      18.362
 318      4400003     201.085      17.649
 318      4400005     199.167      17.619
 318      4400007     199.310      16.234
 318     4400007_     197.408      16.721
 318      4400009     198.990      16.291
 318     4400009_     196.248      17.142
 318      4400011     199.238      16.662
 318     4400011_     195.375      17.430
 318      4400013     200.139      16.788
 318     4400013_     194.687      17.935
 318      4400015     200.832      16.440
 318     4400015_     195.101      18.308
 318      4400017     200.285      15.716
 318     4400017_     195.341      19.029
 318      4400019     199.341      15.176
 318     4400019_     195.553      18.871
 318      4400021     198.407      14.323
 318     4400021_     196.195      19.740
 318      4400023     197.874      13.699
 318     4400023_     196.345      19.394
 318      4500001     196.919      13.635
 318     4500001_     197.042      19.884
 318      4500003     196.104      13.247
 318     4500003_     197.260      20.330
 318      4500005     196.286      13.496
 318     4500005_     198.077      21.282
 318      4500007     196.323      13.940
 318     4500007_     198.371      20.653
 318      4500009     197.084      14.867
 318     4500009_     198.368      20.561
 318      4500011     197.797      15.535
 318     4500011_     198.408      20.801
 318      4500013     198.213      15.786
 318     4500013_     199.254      20.536
 318      4500015     198.855      15.324
 318     4500015_     200.168      19.656
 318      4500017     199.235      15.057
 318     4500017_     201.239      19.544
 318      4500019     199.896      14.807
 318     4500019_     202.891      19.799
 318      4500021     199.824      15.397
 318     4500021_     204.093      20.408
 318      4500023     199.878      15.432
 318     4500023_     205.144      20.179
 319      4100009     203.453      17.318
 319      4100011     202.919      15.553
 319      4100013     202.386      14.518
 319      4100015     201.485      14.125
 319      4100017     200.318      13.487
 319      4100019     199.337      12.609
 319      4100021     198.912      12.523
 319      4100023     198.230      12.845
 319      4200001     197.540      12.838
 319      4200003     197.269      13.119
 319      4200005     207.990      13.333
 319     4200005_     197.305      13.066
 319      4200007     206.892      12.908
 319     4200007_     197.286      12.946
 319      4200009     206.171      13.465
 319     4200009_     197.941      12.810
 319      4200011     205.070      13.425
 319     4200011_     197.971      12.269
 319      4200013     203.163      13.609
 319     4200013_     197.511      11.575
 319      4200015     201.885      12.750
 319     4200015_     196.272      10.896
 319      4200017     200.998      12.625
 319     4200017_     196.140      10.773
 319      4200019     200.391      13.568
 319     4200019_     195.157      10.659
 319      4200021     200.619      12.308
 319     4200021_     193.960      10.504
 319      4200023     200.424      12.552
 319     4200023_     193.890      11.115
 319      4300001     200.762      11.504
 319     4300001_     193.278      11.224
 319      4300003     200.600      11.530
 319     4300003_     193.083      11.066
 319      4300005     200.807      12.660
 319     4300005_     192.909      11.847
 319      4300007     199.816      13.005
 319     4300007_     193.105      11.752
 319      4300009     199.822      13.648
 319     4300009_     193.848      12.362
 319      4300011     199.586      14.262
 319     4300011_     194.045      12.325
 319      4300013     199.016      14.922
 319     4300013_     193.812      12.824
 319      4300015     199.058      14.818
 319     4300015_     193.795      12.767
 319      4300017     198.616      14.819
 319     4300017_     192.249      12.943
 319      4300019     198.481      15.213
 319     4300019_     191.249      12.726
 319      4300021     198.141      15.311
 319     4300021_     190.909      13.185
 319      4300023     198.099      14.838
 319     4300023_     190.858      13.788
 319      4400001     198.059      14.666
 319     4400001_     191.591      14.624
 319      4400003     198.224      15.022
 319     4400003_     192.127      15.068
 319      4400005     199.143      15.763
 319     4400005_     192.638      15.729
 319      4400007     199.856      16.372
 319     4400007_     192.665      16.141
 319      4400009     200.634      16.570
 319     4400009_     192.660      16.460
 319      4400011     201.428      16.786
 319     4400011_     193.045      16.960
 319      4400013     202.715      17.390
 319     4400013_     193.269      19.418
 319      4400015     202.832      17.050
 319     4400015_     193.909      16.370
 319      4400017     203.061      16.931
 319     4400017_     194.833      16.563
 319      4400019     203.174      17.624
 319     4400019_     195.135      15.735
 319      4400021     204.025      18.469
 319     4400021_     194.283      15.617
 319      4400023     204.765      18.521
 319     4400023_     193.737      15.048
 319      4500001     205.474      19.358
 319     4500001_     193.781      14.337
 319      4500003     205.786      20.076
 319     4500003_     193.995      13.947
 319      4500005     206.586      21.136
 319      4500007     206.831      20.485
 319      4500009     206.760      21.493
 319      4500011     207.179      21.756
 319      4500013     207.784      22.170
 319      4500015     207.975      21.970
 319      4500017     208.233      22.282
 319      4500019     207.950      21.573
 319      4500021     207.380      21.462
 319      4500023     206.970      20.342
 320     4100001_     197.336      13.839
 320     4100003_     197.998      14.402
 320     4100005_     197.308      14.829
 320     4100007_     197.259      14.592
 320     4100009_     197.292      14.610
 320     4100011_     197.268      14.897
 320      4100015     197.249      15.516
 320      4100017     197.776      15.757
 320      4100019     197.917      15.797
 320      4100021     198.215      16.461
 320      4100023     199.166      16.929
 320     4200001_     198.997      17.340
 320     4200003_     199.391      17.368
 320     4200005_     199.898      17.037
 320     4200007_     199.144      16.123
 320     4200009_     198.232      15.378
 320     4200011_     198.070      14.609
 320      4200013     197.827      13.486
 320      4200015     197.351      12.618
 320      4200017     197.367      12.090
 320      4200019     197.383      11.327
 320      4200021     197.180      10.034
 320      4200023     197.427      10.180
 320     4300001_     197.977       9.766
 320      4300003     197.993       9.689
 320      4300005     197.330       9.126
 320      4300007     197.001       7.767
 320      4300009     196.387       7.795
 320      4300011     196.166       8.559
 320      4300013     197.046       9.616
 320      4300015     198.106      10.783
 320      4300017     198.966      12.097
 320      4300019     199.440      12.609
 320      4300021     200.434      13.138
 320      4300023     200.553      12.686
 320      4400001     200.358      12.156
 320      4400003     200.409      11.481
 320      4400005     200.269      11.412
 320      4400007     200.024      10.987
 320      4400009     199.365      10.396
 320      4400011     199.094      11.023
 320      4400013     198.504      12.011
 320      4400015     198.884      12.263
 320      4400017     197.880      12.064
 320      4400019     197.299      12.024
 320      4400021     197.088      11.956
 320      4400023     196.302      11.358
 320      4500001     195.393      11.525
 320      4500003     195.088      11.415
 320      4500005     195.120      11.934
 320     4500005_     194.615      13.234
 320      4500007     195.330      12.616
 320     4500007_     194.940      13.492
 320      4500009     195.093      12.826
 320     4500009_     195.142      13.559
 320      4500011     195.905      13.173
 320     4500011_     195.818      13.748
 320      4500013     196.098      14.605
 320     4500013_     196.086      14.102
 320      4500015     197.014      15.174
 320     4500015_     196.854      13.925
 320      4500017     197.726      15.935
 320     4500017_     196.953      14.339
 320      4500019     198.094      16.714
 320     4500019_     196.887      13.761
 320      4500021     197.808      17.561
 320     4500021_     196.328      14.116
 320      4500023     197.853      16.891
 320     4500023_     196.891      13.753
 321      4100003     202.109      21.537
 321      4100005     203.086      23.176
 321      4100007     203.862      24.346
 321      4100009     204.870      24.648
 321      4100011     205.742      23.516
 321      4200001     206.210      22.604
 321      4200003     206.013      21.599
 321      4200005     205.010      20.558
 321      4200007     203.816      18.839
 321      4200009     202.015      17.431
 321      4200011     201.005      16.472
 321      4300001     201.670      15.617
 321      4300003     200.172      20.054
 321     4300003_     201.825      14.604
 321      4300005     198.478      17.176
 321     4300005_     200.845      14.288
 321      4300007     197.485      15.457
 321     4300007_     199.104      13.389
 321      4300009     197.434      15.176
 321     4300009_     198.022      12.169
 321      4300011     198.557      16.243
 321     4300011_     195.434       9.257
 321      4400001     199.116      16.800
 321     4400001_     194.349       7.914
 321      4400003     199.526      17.410
 321     4400003_     194.346       7.674
 321      4400005     200.233      17.352
 321     4400005_     193.298       7.135
 321      4400007     202.131      17.583
 321     4400007_     192.104       6.293
 321      4400009     203.292      17.506
 321     4400009_     191.231       5.593
 321      4400011     202.419      16.638
 321     4400011_     190.396       4.536
 321      4500001     201.702      15.975
 321     4500001_     190.079       4.888
 321      4500003     201.265      16.689
 321     4500003_     190.219       4.637
 321      4500005     200.079      16.442
 321     4500005_     190.374       5.057
 321      4500007     198.940      16.321
 321     4500007_     190.214       5.179
 321      4500009     199.278      17.052
 321     4500009_     191.427       6.263
 321      4500011     199.945      18.539
 321     4500011_     193.205       7.215
