index of scan, julian date at scan; mri at these points are local maxima
28 2455495.4297149 298 4000023
50 2455496.1762416 299 4000003
86 2455497.7180249 301 4000011
101 2455498.3430229 301 4000015
120 2455499.1763587 302 4000007
139 2455499.9790666 303 4000047
152 2455500.593017 304 4000027
172 2455501.4680178 304 4000021
192 2455502.3013522 305 4000013
207 2455502.8957294 306 4000043
222 2455503.7707287 307 4000037
229 2455504.4194249 307 4000003
245 2455505.9391222 309 4004600
325 2455507.4407533 310 4300001
408 2455508.3081086 311 4400023_
489 2455509.1595021 312 4100017_
548 2455509.7768618 313 4100015
630 2455510.6345007 314 4300011
709 2455511.4615822 314 4500001_
769 2455512.0900544 315 4500001
849 2455512.9303316 316 4100017
928 2455513.7560254 317 4300007
984 2455514.3428255 317 4200023_
1064 2455515.1796338 318 4400015_
1145 2455516.0310235 319 4100009
1205 2455516.6594943 320 4100009_
1277 2455517.5819369 321 4300009
1300 2455518.064576 321 4200007
1314 2455518.3562408 321 4400011_
