index of scan, julian date at scan; mri at these points are local maxima
28 2455495.4297149
50 2455496.1762416
86 2455497.7180249
101 2455498.3430229
120 2455499.1763587
139 2455499.9790666
152 2455500.593017
172 2455501.4680178
192 2455502.3013522
207 2455502.8957294
222 2455503.7707287
229 2455504.4194249
245 2455505.9391222
325 2455507.4407533
408 2455508.3081086
489 2455509.1595021
548 2455509.7768618
630 2455510.6345007
709 2455511.4615822
769 2455512.0900544
849 2455512.9303316
928 2455513.7560254
984 2455514.3428255
1064 2455515.1796338
1145 2455516.0310235
1205 2455516.6594943
1277 2455517.5819369
1300 2455518.064576
1314 2455518.3562408
