julian date / ns_flip / doubled / number of frames (final image)
2455494.5095779 0 1 34
2455494.5304115 0 1 34
2455494.5512441 0 1 34
2455494.5720778 0 1 34
2455494.5929114 0 1 34
2455494.6137439 0 1 34
2455494.6345776 0 1 34
2455494.6554112 0 1 34
2455494.6762448 0 1 34
2455494.6970775 0 1 34
2455494.7179112 0 1 34
2455494.7387446 0 1 34
2455494.7595772 0 1 34
2455494.7804109 0 1 34
2455494.8012445 0 1 34
2455494.822077 0 1 34
2455494.8429107 0 1 34
2455495.2005482 0 1 34
2455495.2213818 0 1 34
2455495.2422155 0 1 34
2455495.2630479 0 1 34
2455495.2838816 0 1 34
2455495.3047152 0 1 34
2455495.3255489 0 1 34
2455495.3463814 0 1 34
2455495.3672151 0 1 34
2455495.3880487 0 1 34
2455495.4088813 0 1 34
2455495.4297149 0 1 34
2455495.4505486 0 1 34
2455495.4713821 0 1 34
2455495.4922148 0 1 34
2455495.5130484 0 1 34
2455495.5338819 0 1 34
2455495.5547147 0 1 34
2455495.5755484 0 1 34
2455495.5963821 0 1 34
2455495.6172144 0 1 34
2455495.638048 0 1 34
2455495.6588817 0 1 34
2455495.6797152 0 1 34
2455495.700548 0 1 34
2455495.7213816 0 1 34
2455495.7422151 0 1 34
2455495.7630477 0 1 34
2455495.7838814 0 1 34
2455495.804715 0 1 34
2455495.8255474 0 1 34
2455495.8463811 0 1 34
2455496.1554079 0 1 34
2455496.1762416 0 1 34
2455496.1970752 0 1 34
2455496.2179079 0 1 34
2455496.2387415 0 1 34
2455496.2595752 0 1 34
2455496.2804086 0 1 34
2455496.3012412 0 1 34
2455496.3220748 0 1 34
2455496.3429086 0 1 34
2455496.363741 0 1 34
2455496.3845747 0 1 34
2455496.4054083 0 1 34
2455496.426242 0 1 34
2455496.4470745 0 1 34
2455496.4679081 0 1 34
2455496.4887417 0 1 34
2455496.5095742 0 1 34
2455496.530408 0 1 34
2455496.5512415 0 1 34
2455496.5720741 0 1 34
2455496.5929077 0 1 34
2455496.6137414 0 1 34
2455496.634575 0 1 34
2455496.6554077 0 1 34
2455496.6762413 0 1 34
2455496.6970748 0 1 34
2455496.7179074 0 1 34
2455496.7387411 0 1 34
2455496.7595747 0 1 34
2455496.7804073 0 1 34
2455496.8012409 0 1 34
2455497.5096954 0 0 38
2455497.5513614 0 0 38
2455497.5930275 0 0 38
2455497.6346937 0 0 38
2455497.6763598 0 0 38
2455497.7180249 0 0 38
2455497.726871 0 0 38
2455497.7707352 0 0 38
2455497.8124014 0 0 38
2455497.8540687 0 0 38
2455497.8957349 0 0 38
2455497.9374022 0 0 38
2455497.9790684 0 0 38
2455498.0513611 0 0 38
2455498.0930272 0 0 38
2455498.1346933 0 0 38
2455498.1763595 0 0 38
2455498.2180255 0 0 38
2455498.2596906 0 0 38
2455498.3013568 0 0 38
2455498.3430229 0 0 38
2455498.3846892 0 0 38
2455498.4680214 0 0 38
2455498.5096864 0 0 38
2455498.5513526 0 0 38
2455498.5930187 0 0 38
2455498.634685 0 0 38
2455498.676351 0 0 38
2455498.7180172 0 0 38
2455498.7268701 0 0 38
2455498.7707343 0 0 38
2455498.8124005 0 0 38
2455498.8540679 0 0 38
2455498.8957341 0 0 38
2455498.9374014 0 0 38
2455498.9790675 0 0 38
2455499.0513603 0 0 38
2455499.0930263 0 0 38
2455499.1346925 0 0 38
2455499.1763587 0 0 38
2455499.2180247 0 0 38
2455499.2596898 0 0 38
2455499.3013559 0 0 38
2455499.3430221 0 0 38
2455499.3846882 0 0 38
2455499.4680206 0 0 38
2455499.5096856 0 0 38
2455499.5513517 0 0 38
2455499.593018 0 0 38
2455499.6346841 0 0 38
2455499.6763502 0 0 38
2455499.7180164 0 0 38
2455499.7268693 0 0 38
2455499.7707336 0 0 38
2455499.8123998 0 0 38
2455499.8540671 0 0 38
2455499.8957333 0 0 38
2455499.9374006 0 0 38
2455499.9790666 0 0 38
2455500.0513595 0 0 38
2455500.0930256 0 0 38
2455500.1346917 0 0 38
2455500.1763578 0 0 38
2455500.218024 0 0 38
2455500.259689 0 0 38
2455500.3013551 0 0 38
2455500.3430213 0 0 38
2455500.3846874 0 0 38
2455500.4680199 0 0 38
2455500.5096847 0 0 38
2455500.5513509 0 0 38
2455500.593017 0 0 38
2455500.6346833 0 0 38
2455500.6763493 0 0 38
2455500.7180155 0 0 38
2455500.7268674 0 0 38
2455500.7707316 0 0 38
2455500.8123978 0 0 38
2455500.8540651 0 0 38
2455500.8957312 0 0 38
2455500.9373985 0 0 38
2455500.9790647 0 0 38
2455501.0513576 0 0 38
2455501.0930236 0 0 38
2455501.1346897 0 0 38
2455501.1763559 0 0 38
2455501.2180219 0 0 38
2455501.2596871 0 0 38
2455501.3013533 0 0 38
2455501.3430193 0 0 38
2455501.3846855 0 0 38
2455501.4680178 0 0 38
2455501.5096828 0 0 38
2455501.5513489 0 0 38
2455501.5930151 0 0 38
2455501.6346814 0 0 38
2455501.6763474 0 0 38
2455501.7180135 0 0 38
2455501.7268665 0 0 38
2455501.7707307 0 0 38
2455501.812397 0 0 38
2455501.8540643 0 0 38
2455501.8957303 0 0 38
2455501.9373976 0 0 38
2455501.9790639 0 0 38
2455502.0513566 0 0 38
2455502.0930227 0 0 38
2455502.1346889 0 0 38
2455502.176355 0 0 38
2455502.2180211 0 0 38
2455502.2596861 0 0 38
2455502.3013522 0 0 38
2455502.3430184 0 0 38
2455502.3846845 0 0 38
2455502.4263507 0 0 38
2455502.4680168 0 0 38
2455502.5096818 0 0 38
2455502.551348 0 0 38
2455502.5930141 0 0 38
2455502.6346803 0 0 38
2455502.6763463 0 0 38
2455502.7180124 0 0 38
2455502.7268655 0 0 38
2455502.7707298 0 0 38
2455502.812396 0 0 38
2455502.8540633 0 0 38
2455502.8957294 0 0 38
2455502.9373968 0 0 38
2455502.9790629 0 0 38
2455503.3013548 0 0 38
2455503.3430208 0 0 38
2455503.384687 0 0 38
2455503.4263531 0 0 38
2455503.4680191 0 0 38
2455503.5096843 0 0 38
2455503.5513504 0 0 38
2455503.5930166 0 0 38
2455503.6346827 0 0 38
2455503.6763488 0 0 38
2455503.7180149 0 0 38
2455503.7268645 0 0 38
2455503.7707287 0 0 38
2455503.812395 0 0 38
2455503.8540623 0 0 38
2455503.8957283 0 0 38
2455503.9373956 0 0 38
2455503.9790619 0 0 38
2455504.3360915 0 0 30
2455504.4194249 0 0 30
2455505.6266225 1 1 64
2455505.6474559 1 1 64
2455505.6682897 1 1 64
2455505.6891233 1 1 64
2455505.7099558 1 1 64
2455505.7307894 1 1 64
2455505.7516231 1 1 64
2455505.7724555 1 1 64
2455505.7932891 1 1 64
2455505.8141228 1 1 64
2455505.8349564 1 1 64
2455505.855789 1 1 64
2455505.8766226 1 1 64
2455505.8974562 1 1 64
2455505.9182887 1 1 64
2455505.9391222 1 1 64
2455505.9599559 1 1 64
2455505.9807896 1 1 64
2455506.001622 1 1 64
2455506.0224557 1 1 64
2455506.0432893 1 1 64
2455506.0641218 1 1 64
2455506.0849553 1 1 64
2455506.105789 1 1 64
2455506.1266226 1 1 64
2455506.1474552 1 1 64
2455506.1682888 1 1 64
2455506.1891225 1 1 64
2455506.2099561 1 1 64
2455506.2307887 1 1 64
2455506.2516223 1 1 64
2455506.2724559 1 1 64
2455506.2932883 1 1 64
2455506.3141219 1 1 64
2455506.3349556 1 1 64
2455506.3557892 1 1 64
2455506.3766219 1 1 64
2455506.3974555 1 1 64
2455506.4182892 1 1 64
2455506.4391216 1 1 64
2455506.4599554 1 1 64
2455506.480789 1 1 64
2455506.5016225 1 1 64
2455506.522455 1 1 64
2455506.5432886 1 1 64
2455506.5641223 1 1 64
2455506.5849547 1 1 64
2455506.6057884 1 1 64
2455506.626622 1 1 64
2455506.6474556 1 1 64
2455506.6682881 1 1 64
2455506.6891217 1 1 64
2455506.7099554 1 1 64
2455506.7307879 1 1 64
2455506.7516215 1 1 64
2455506.7724551 1 1 64
2455506.7932889 1 1 64
2455506.8141213 1 1 64
2455506.8349549 1 1 64
2455506.8557886 1 1 64
2455506.876621 1 1 64
2455506.8974547 1 1 64
2455506.9182883 1 1 64
2455506.939122 1 1 64
2455506.9599544 1 1 64
2455506.9807882 1 1 64
2455507.0016218 1 1 64
2455507.0224542 1 1 64
2455507.0432879 1 1 64
2455507.0641215 1 1 64
2455507.0849552 1 1 64
2455507.1907528 1 1 32
2455507.2004753 1 1 32
2455507.2115866 1 1 32
2455507.2213089 1 1 32
2455507.2324201 1 1 32
2455507.2421426 1 1 32
2455507.2532527 1 1 32
2455507.262975 1 1 32
2455507.2740862 1 1 32
2455507.2838087 1 1 32
2455507.2949199 1 1 32
2455507.3046377 1 1 32
2455507.3157525 1 1 32
2455507.3254749 1 1 32
2455507.3365861 1 1 32
2455507.3463085 1 1 32
2455507.3574198 1 1 32
2455507.3671422 1 1 32
2455507.3782533 1 1 32
2455507.3879747 1 1 32
2455507.3990858 1 1 32
2455507.4088081 1 1 32
2455507.4199194 1 1 32
2455507.4296372 1 1 32
2455507.4407533 1 1 32
2455507.4504745 1 1 32
2455507.4615857 1 1 32
2455507.4713081 1 1 32
2455507.4824193 1 1 32
2455507.4921416 1 1 32
2455507.503253 1 1 32
2455507.5129742 1 1 32
2455507.5240855 1 1 32
2455507.5338078 1 1 32
2455507.5449191 1 1 32
2455507.5546369 1 1 32
2455507.5657527 1 1 32
2455507.5754739 1 1 32
2455507.5865853 1 1 32
2455507.5963076 1 1 32
2455507.6074187 1 1 32
2455507.6171411 1 1 32
2455507.6282526 1 1 32
2455507.6379737 1 1 32
2455507.649085 1 1 32
2455507.6588073 1 1 32
2455507.6699186 1 1 32
2455507.6796363 1 1 32
2455507.6907523 1 1 32
2455507.7004747 1 1 32
2455507.7115847 1 1 32
2455507.7213071 1 1 32
2455507.7324184 1 1 32
2455507.7421408 1 1 32
2455507.753252 1 1 32
2455507.7629744 1 1 32
2455507.7740846 1 1 32
2455507.7838068 1 1 32
2455507.7949182 1 1 32
2455507.8046359 1 1 32
2455507.8192252 1 1 32
2455507.8289476 1 1 32
2455507.8400589 1 1 32
2455507.8497813 1 1 32
2455507.8608925 1 1 32
2455507.8706149 1 1 32
2455507.881725 1 1 32
2455507.8914474 1 1 32
2455507.9025586 1 1 32
2455507.912281 1 1 32
2455507.9233923 1 1 32
2455507.93311 1 1 32
2455507.9442248 1 1 32
2455507.9539472 1 1 32
2455507.9650584 1 1 32
2455507.9747808 1 1 32
2455507.985892 1 1 32
2455507.9956144 1 1 32
2455508.0067256 1 1 32
2455508.0164469 1 1 32
2455508.0275582 1 1 32
2455508.0372806 1 1 32
2455508.0483918 1 1 32
2455508.0581095 1 1 32
2455508.0692255 1 1 32
2455508.0789467 1 1 32
2455508.0900579 1 1 32
2455508.0997803 1 1 32
2455508.1108916 1 1 32
2455508.1206139 1 1 32
2455508.1317252 1 1 32
2455508.1414465 1 1 32
2455508.1525578 1 1 32
2455508.1622801 1 1 32
2455508.1733914 1 1 32
2455508.1831091 1 1 32
2455508.1942249 1 1 32
2455508.2039462 1 1 32
2455508.2150575 1 1 32
2455508.2247799 1 1 32
2455508.2358911 1 1 32
2455508.2456135 1 1 32
2455508.2567248 1 1 32
2455508.2664461 1 1 32
2455508.2775572 1 1 32
2455508.2872796 1 1 32
2455508.2983909 1 1 32
2455508.3081086 1 1 32
2455508.3192245 1 1 32
2455508.3289469 1 1 32
2455508.3400571 1 1 32
2455508.3497794 1 1 32
2455508.3608907 1 1 32
2455508.3706131 1 1 32
2455508.3817243 1 1 32
2455508.3914466 1 1 32
2455508.4025568 1 1 32
2455508.4122792 1 1 32
2455508.4233904 1 1 32
2455508.4331082 1 1 32
2455508.4476964 1 1 32
2455508.4574187 1 1 32
2455508.46853 1 1 32
2455508.4782524 1 1 32
2455508.4893637 1 1 32
2455508.4990859 1 1 32
2455508.5101961 1 1 32
2455508.5199185 1 1 32
2455508.5310297 1 1 32
2455508.5407521 1 1 32
2455508.5518634 1 1 32
2455508.5615812 1 1 32
2455508.5726958 1 1 32
2455508.5824183 1 1 32
2455508.5935296 1 1 32
2455508.6032519 1 1 32
2455508.6143631 1 1 32
2455508.6240855 1 1 32
2455508.6351969 1 1 32
2455508.644918 1 1 32
2455508.6560293 1 1 32
2455508.6657517 1 1 32
2455508.676863 1 1 32
2455508.6865806 1 1 32
2455508.6976966 1 1 32
2455508.7074178 1 1 32
2455508.718529 1 1 32
2455508.7282514 1 1 32
2455508.7393627 1 1 32
2455508.7490851 1 1 32
2455508.7601963 1 1 32
2455508.7699175 1 1 32
2455508.7810289 1 1 32
2455508.7907511 1 1 32
2455508.8018625 1 1 32
2455508.8115802 1 1 32
2455508.8226962 1 1 32
2455508.8324173 1 1 32
2455508.8435286 1 1 32
2455508.853251 1 1 32
2455508.8643623 1 1 32
2455508.8740846 1 1 32
2455508.8851959 1 1 32
2455508.8949171 1 1 32
2455508.9060285 1 1 32
2455508.9157507 1 1 32
2455508.9268621 1 1 32
2455508.9365798 1 1 32
2455508.9476956 1 1 32
2455508.957418 1 1 32
2455508.9685282 1 1 32
2455508.9782506 1 1 32
2455508.9893618 1 1 32
2455508.9990842 1 1 32
2455509.0101955 1 1 32
2455509.0199178 1 1 32
2455509.0310279 1 1 32
2455509.0407503 1 1 32
2455509.0518615 1 1 32
2455509.0615793 1 1 32
2455509.0761686 1 1 32
2455509.0858911 1 1 32
2455509.0970022 1 1 32
2455509.1067246 1 1 32
2455509.1178359 1 1 32
2455509.1275583 1 1 32
2455509.1386684 1 1 32
2455509.1483908 1 1 32
2455509.1595021 1 1 32
2455509.1692244 1 1 32
2455509.1803357 1 1 32
2455509.1900534 1 1 32
2455509.2011681 1 1 32
2455509.2108905 1 1 32
2455509.2220018 1 1 32
2455509.2317242 1 1 32
2455509.2428354 1 1 32
2455509.2525578 1 1 32
2455509.2636691 1 1 32
2455509.2733903 1 1 32
2455509.2845015 1 1 32
2455509.2942239 1 1 32
2455509.3053352 1 1 32
2455509.3150529 1 1 32
2455509.3261688 1 1 32
2455509.33589 1 1 32
2455509.3470014 1 1 32
2455509.3567236 1 1 32
2455509.367835 1 1 32
2455509.3775574 1 1 32
2455509.3886686 1 1 32
2455509.3983898 1 1 32
2455509.4095011 1 1 32
2455509.4192235 1 1 32
2455509.4303347 1 1 32
2455509.4400525 1 1 32
2455509.4511684 1 1 32
2455509.4608896 1 1 32
2455509.4720008 1 1 32
2455509.4817232 1 1 32
2455509.4928346 1 1 32
2455509.5025568 1 1 32
2455509.5136681 1 1 32
2455509.5233894 1 1 32
2455509.5345007 1 1 32
2455509.5442229 1 1 32
2455509.5553343 1 1 32
2455509.565052 1 1 32
2455509.5761678 1 1 32
2455509.5858903 1 1 32
2455509.5970004 1 1 32
2455509.6067228 1 1 32
2455509.617834 1 1 32
2455509.6275564 1 1 32
2455509.6386677 1 1 32
2455509.64839 1 1 32
2455509.6595002 1 1 32
2455509.6692225 1 1 32
2455509.6803338 1 1 32
2455509.6900515 1 1 32
2455509.7046397 1 1 32
2455509.7143621 1 1 32
2455509.7254733 1 1 32
2455509.7351957 1 1 32
2455509.746307 1 1 32
2455509.7560294 1 1 32
2455509.7671395 1 1 32
2455509.7768618 1 1 32
2455509.7879731 1 1 32
2455509.7976956 1 1 32
2455509.8088067 1 1 32
2455509.8185245 1 1 32
2455509.8296393 1 1 32
2455509.8393616 1 1 32
2455509.8504729 1 1 32
2455509.8601953 1 1 32
2455509.8713065 1 1 32
2455509.8810289 1 1 32
2455509.8921402 1 1 32
2455509.9018614 1 1 32
2455509.9129726 1 1 32
2455509.922695 1 1 32
2455509.9338063 1 1 32
2455509.9435241 1 1 32
2455509.9546399 1 1 32
2455509.9643612 1 1 32
2455509.9754724 1 1 32
2455509.9851947 1 1 32
2455509.996306 1 1 32
2455510.0060284 1 1 32
2455510.0171398 1 1 32
2455510.0268609 1 1 32
2455510.0379722 1 1 32
2455510.0476946 1 1 32
2455510.0588058 1 1 32
2455510.0685235 1 1 32
2455510.0796395 1 1 32
2455510.0893607 1 1 32
2455510.1004719 1 1 32
2455510.1101943 1 1 32
2455510.1213056 1 1 32
2455510.131028 1 1 32
2455510.1421392 1 1 32
2455510.1518604 1 1 32
2455510.1629718 1 1 32
2455510.172694 1 1 32
2455510.1838054 1 1 32
2455510.1935231 1 1 32
2455510.204639 1 1 32
2455510.2143613 1 1 32
2455510.2254715 1 1 32
2455510.2351939 1 1 32
2455510.2463051 1 1 32
2455510.2560275 1 1 32
2455510.2671388 1 1 32
2455510.2768612 1 1 32
2455510.2879712 1 1 32
2455510.2976935 1 1 32
2455510.3088049 1 1 32
2455510.3185226 1 1 32
2455510.3331119 1 1 32
2455510.3428344 1 1 32
2455510.3539455 1 1 32
2455510.363668 1 1 32
2455510.3747792 1 1 32
2455510.3845016 1 1 32
2455510.3956117 1 1 32
2455510.4053341 1 1 32
2455510.4164454 1 1 32
2455510.4261678 1 1 32
2455510.437279 1 1 32
2455510.4469967 1 1 32
2455510.4581117 1 1 32
2455510.4678338 1 1 32
2455510.4789452 1 1 32
2455510.4886675 1 1 32
2455510.4997788 1 1 32
2455510.5095011 1 1 32
2455510.5206124 1 1 32
2455510.5303336 1 1 32
2455510.541445 1 1 32
2455510.5511672 1 1 32
2455510.5622786 1 1 32
2455510.5719963 1 1 32
2455510.5831122 1 1 32
2455510.5928334 1 1 32
2455510.6039447 1 1 32
2455510.613667 1 1 32
2455510.6247783 1 1 32
2455510.6345007 1 1 32
2455510.645612 1 1 32
2455510.6553331 1 1 32
2455510.6664444 1 1 32
2455510.6761668 1 1 32
2455510.687278 1 1 32
2455510.6969958 1 1 32
2455510.7081117 1 1 32
2455510.717833 1 1 32
2455510.7289442 1 1 32
2455510.7386665 1 1 32
2455510.7497778 1 1 32
2455510.7595001 1 1 32
2455510.7706114 1 1 32
2455510.7803327 1 1 32
2455510.791444 1 1 32
2455510.8011663 1 1 32
2455510.8122776 1 1 32
2455510.8219954 1 1 32
2455510.8331112 1 1 32
2455510.8428336 1 1 32
2455510.8539437 1 1 32
2455510.8636661 1 1 32
2455510.8747773 1 1 32
2455510.8844997 1 1 32
2455510.895611 1 1 32
2455510.9053334 1 1 32
2455510.9164434 1 1 32
2455510.9261658 1 1 32
2455510.9372771 1 1 32
2455510.9469949 1 1 32
2455510.961583 1 1 32
2455510.9713054 1 1 32
2455510.9824166 1 1 32
2455510.992139 1 1 32
2455511.0032503 1 1 32
2455511.0129727 1 1 32
2455511.0240828 1 1 32
2455511.0338051 1 1 32
2455511.0449164 1 1 32
2455511.0546387 1 1 32
2455511.06575 1 1 32
2455511.0754678 1 1 32
2455511.0865826 1 1 32
2455511.0963049 1 1 32
2455511.1074162 1 1 32
2455511.1171385 1 1 32
2455511.1282498 1 1 32
2455511.1379721 1 1 32
2455511.1490834 1 1 32
2455511.1588047 1 1 32
2455511.1699159 1 1 32
2455511.1796383 1 1 32
2455511.1907496 1 1 32
2455511.2004673 1 1 32
2455511.2115832 1 1 32
2455511.2213044 1 1 32
2455511.2324157 1 1 32
2455511.242138 1 1 32
2455511.2532493 1 1 32
2455511.2629717 1 1 32
2455511.274083 1 1 32
2455511.2838042 1 1 32
2455511.2949154 1 1 32
2455511.3046378 1 1 32
2455511.315749 1 1 32
2455511.3254668 1 1 32
2455511.3365828 1 1 32
2455511.3463039 1 1 32
2455511.3574152 1 1 32
2455511.3671376 1 1 32
2455511.3782489 1 1 32
2455511.3879712 1 1 32
2455511.3990824 1 1 32
2455511.4088037 1 1 32
2455511.4199149 1 1 32
2455511.4296373 1 1 32
2455511.4407485 1 1 32
2455511.4504664 1 1 32
2455511.4615822 1 1 32
2455511.4713046 1 1 32
2455511.4824147 1 1 32
2455511.492137 1 1 32
2455511.5032483 1 1 32
2455511.5129707 1 1 32
2455511.5240819 1 1 32
2455511.5338043 1 1 32
2455511.5449145 1 1 32
2455511.5546368 1 1 32
2455511.5657481 1 1 32
2455511.5754658 1 1 32
2455511.5900552 1 1 32
2455511.5997775 1 1 32
2455511.6108888 1 1 32
2455511.6206112 1 1 32
2455511.6317224 1 1 32
2455511.6414448 1 1 32
2455511.6525549 1 1 32
2455511.6622773 1 1 32
2455511.6733885 1 1 32
2455511.6831109 1 1 32
2455511.6942222 1 1 32
2455511.7039399 1 1 32
2455511.7150546 1 1 32
2455511.724777 1 1 32
2455511.7358884 1 1 32
2455511.7456106 1 1 32
2455511.756722 1 1 32
2455511.7664443 1 1 32
2455511.7775556 1 1 32
2455511.7872768 1 1 32
2455511.7983881 1 1 32
2455511.8081105 1 1 32
2455511.8192217 1 1 32
2455511.8289394 1 1 32
2455511.8400554 1 1 32
2455511.8497765 1 1 32
2455511.8608878 1 1 32
2455511.8706102 1 1 32
2455511.8817215 1 1 32
2455511.8914438 1 1 32
2455511.9025551 1 1 32
2455511.9122764 1 1 32
2455511.9233877 1 1 32
2455511.9331099 1 1 32
2455511.9442212 1 1 32
2455511.953939 1 1 32
2455511.9650548 1 1 32
2455511.974776 1 1 32
2455511.9858874 1 1 32
2455511.9956098 1 1 32
2455512.006721 1 1 32
2455512.0164434 1 1 32
2455512.0275547 1 1 32
2455512.0372758 1 1 32
2455512.0483871 1 1 32
2455512.0581095 1 1 32
2455512.0692207 1 1 32
2455512.0789384 1 1 32
2455512.0900544 1 1 32
2455512.0997768 1 1 32
2455512.1108868 1 1 32
2455512.1206092 1 1 32
2455512.1317205 1 1 32
2455512.1414428 1 1 32
2455512.1525541 1 1 32
2455512.1622765 1 1 32
2455512.1733865 1 1 32
2455512.1831089 1 1 32
2455512.1942203 1 1 32
2455512.203938 1 1 32
2455512.2185261 1 1 32
2455512.2282485 1 1 32
2455512.2393599 1 1 32
2455512.2490821 1 1 32
2455512.2601934 1 1 32
2455512.2699158 1 1 32
2455512.2810259 1 1 32
2455512.2907482 1 1 32
2455512.3018596 1 1 32
2455512.311582 1 1 32
2455512.3226931 1 1 32
2455512.3324109 1 1 32
2455512.3435257 1 1 32
2455512.353248 1 1 32
2455512.3643593 1 1 32
2455512.3740817 1 1 32
2455512.385193 1 1 32
2455512.3949153 1 1 32
2455512.4060266 1 1 32
2455512.4157478 1 1 32
2455512.426859 1 1 32
2455512.4365814 1 1 32
2455512.4476927 1 1 32
2455512.4574105 1 1 32
2455512.4685263 1 1 32
2455512.4782475 1 1 32
2455512.4893588 1 1 32
2455512.4990811 1 1 32
2455512.5101924 1 1 32
2455512.5199148 1 1 32
2455512.531026 1 1 32
2455512.5407473 1 1 32
2455512.5518586 1 1 32
2455512.561581 1 1 32
2455512.5726922 1 1 32
2455512.5824099 1 1 32
2455512.5935258 1 1 32
2455512.603247 1 1 32
2455512.6143583 1 1 32
2455512.6240807 1 1 32
2455512.635192 1 1 32
2455512.6449143 1 1 32
2455512.6560256 1 1 32
2455512.6657468 1 1 32
2455512.6768581 1 1 32
2455512.6865804 1 1 32
2455512.6976917 1 1 32
2455512.7074095 1 1 32
2455512.7185253 1 1 32
2455512.7282477 1 1 32
2455512.7393579 1 1 32
2455512.7490801 1 1 32
2455512.7601915 1 1 32
2455512.7699138 1 1 32
2455512.781025 1 1 32
2455512.7907474 1 1 32
2455512.8018576 1 1 32
2455512.81158 1 1 32
2455512.8226911 1 1 32
2455512.8324089 1 1 32
2455512.8469983 1 1 32
2455512.8567206 1 1 32
2455512.8678319 1 1 32
2455512.8775543 1 1 32
2455512.8886655 1 1 32
2455512.8983879 1 1 32
2455512.909498 1 1 32
2455512.9192204 1 1 32
2455512.9303316 1 1 32
2455512.940054 1 1 32
2455512.9511653 1 1 32
2455512.960883 1 1 32
2455512.9719977 1 1 32
2455512.9817201 1 1 32
2455512.9928315 1 1 32
2455513.0025537 1 1 32
2455513.013665 1 1 32
2455513.0233875 1 1 32
2455513.0344986 1 1 32
2455513.0442199 1 1 32
2455513.0553312 1 1 32
2455513.0650535 1 1 32
2455513.0761648 1 1 32
2455513.0858825 1 1 32
2455513.0969985 1 1 32
2455513.1067196 1 1 32
2455513.1178309 1 1 32
2455513.1275533 1 1 32
2455513.1386645 1 1 32
2455513.1483869 1 1 32
2455513.1594982 1 1 32
2455513.1692194 1 1 32
2455513.1803306 1 1 32
2455513.190053 1 1 32
2455513.2011643 1 1 32
2455513.2108821 1 1 32
2455513.2219979 1 1 32
2455513.2317192 1 1 32
2455513.2428303 1 1 32
2455513.2525528 1 1 32
2455513.2636641 1 1 32
2455513.2733864 1 1 32
2455513.2844977 1 1 32
2455513.2942189 1 1 32
2455513.3053302 1 1 32
2455513.3150524 1 1 32
2455513.3261638 1 1 32
2455513.3358816 1 1 32
2455513.3469975 1 1 32
2455513.3567198 1 1 32
2455513.3678299 1 1 32
2455513.3775523 1 1 32
2455513.3886636 1 1 32
2455513.3983859 1 1 32
2455513.4094972 1 1 32
2455513.4192197 1 1 32
2455513.4303296 1 1 32
2455513.440052 1 1 32
2455513.4511633 1 1 32
2455513.460881 1 1 32
2455513.4754704 1 1 32
2455513.4851928 1 1 32
2455513.4963039 1 1 32
2455513.5060264 1 1 32
2455513.5171378 1 1 32
2455513.5268599 1 1 32
2455513.5379701 1 1 32
2455513.5476925 1 1 32
2455513.5588038 1 1 32
2455513.5685261 1 1 32
2455513.5796374 1 1 32
2455513.5893552 1 1 32
2455513.6004698 1 1 32
2455513.6101922 1 1 32
2455513.6213035 1 1 32
2455513.6310259 1 1 32
2455513.6421371 1 1 32
2455513.6518595 1 1 32
2455513.6629708 1 1 32
2455513.6726919 1 1 32
2455513.6838032 1 1 32
2455513.6935256 1 1 32
2455513.7046368 1 1 32
2455513.7143546 1 1 32
2455513.7254705 1 1 32
2455513.7351918 1 1 32
2455513.746303 1 1 32
2455513.7560254 1 1 32
2455513.7671366 1 1 32
2455513.776859 1 1 32
2455513.7879702 1 1 32
2455513.7976915 1 1 32
2455513.8088027 1 1 32
2455513.8185251 1 1 32
2455513.8296364 1 1 32
2455513.8393542 1 1 32
2455513.85047 1 1 32
2455513.8601912 1 1 32
2455513.8713025 1 1 32
2455513.8810248 1 1 32
2455513.8921361 1 1 32
2455513.9018585 1 1 32
2455513.9129698 1 1 32
2455513.9226909 1 1 32
2455513.9338022 1 1 32
2455513.9435247 1 1 32
2455513.9546358 1 1 32
2455513.9643536 1 1 32
2455513.9754695 1 1 32
2455513.9851918 1 1 32
2455513.996302 1 1 32
2455514.0060244 1 1 32
2455514.0171357 1 1 32
2455514.0268579 1 1 32
2455514.0379693 1 1 32
2455514.0476917 1 1 32
2455514.0588017 1 1 32
2455514.0685241 1 1 32
2455514.0796354 1 1 32
2455514.0893531 1 1 32
2455514.1039413 1 1 32
2455514.1136637 1 1 32
2455514.1247748 1 1 32
2455514.1344973 1 1 32
2455514.1456086 1 1 32
2455514.155331 1 1 32
2455514.166441 1 1 32
2455514.1761634 1 1 32
2455514.1872747 1 1 32
2455514.196997 1 1 32
2455514.2081083 1 1 32
2455514.2178261 1 1 32
2455514.2289409 1 1 32
2455514.2386631 1 1 32
2455514.2497744 1 1 32
2455514.2594968 1 1 32
2455514.270608 1 1 32
2455514.2803304 1 1 32
2455514.2914417 1 1 32
2455514.3011628 1 1 32
2455514.3122741 1 1 32
2455514.3219965 1 1 32
2455514.3331078 1 1 32
2455514.3428255 1 1 32
2455514.3539414 1 1 32
2455514.3636627 1 1 32
2455514.3747738 1 1 32
2455514.3844963 1 1 32
2455514.3956076 1 1 32
2455514.4053298 1 1 32
2455514.4164412 1 1 32
2455514.4261624 1 1 32
2455514.4372737 1 1 32
2455514.446996 1 1 32
2455514.4581073 1 1 32
2455514.467825 1 1 32
2455514.4789409 1 1 32
2455514.4886621 1 1 32
2455514.4997734 1 1 32
2455514.5094958 1 1 32
2455514.520607 1 1 32
2455514.5303294 1 1 32
2455514.5414407 1 1 32
2455514.5511618 1 1 32
2455514.5622731 1 1 32
2455514.5719955 1 1 32
2455514.5831067 1 1 32
2455514.5928245 1 1 32
2455514.6039404 1 1 32
2455514.6136628 1 1 32
2455514.6247728 1 1 32
2455514.6344953 1 1 32
2455514.6456066 1 1 32
2455514.6553288 1 1 32
2455514.6664402 1 1 32
2455514.6761625 1 1 32
2455514.6872726 1 1 32
2455514.696995 1 1 32
2455514.7081063 1 1 32
2455514.717824 1 1 32
2455514.7324133 1 1 32
2455514.7421357 1 1 32
2455514.753247 1 1 32
2455514.7629693 1 1 32
2455514.7740806 1 1 32
2455514.783803 1 1 32
2455514.794913 1 1 32
2455514.8046354 1 1 32
2455514.8157467 1 1 32
2455514.8254691 1 1 32
2455514.8365803 1 1 32
2455514.8462981 1 1 32
2455514.8574129 1 1 32
2455514.8671352 1 1 32
2455514.8782464 1 1 32
2455514.8879688 1 1 32
2455514.8990801 1 1 32
2455514.9088024 1 1 32
2455514.9199137 1 1 32
2455514.929635 1 1 32
2455514.9407462 1 1 32
2455514.9504686 1 1 32
2455514.96158 1 1 32
2455514.9712975 1 1 32
2455514.9824135 1 1 32
2455514.9921347 1 1 32
2455515.003246 1 1 32
2455515.0129683 1 1 32
2455515.0240796 1 1 32
2455515.033802 1 1 32
2455515.0449132 1 1 32
2455515.0546344 1 1 32
2455515.0657457 1 1 32
2455515.0754681 1 1 32
2455515.0865793 1 1 32
2455515.0962971 1 1 32
2455515.107413 1 1 32
2455515.1171342 1 1 32
2455515.1282454 1 1 32
2455515.1379678 1 1 32
2455515.149079 1 1 32
2455515.1588014 1 1 32
2455515.1699127 1 1 32
2455515.1796338 1 1 32
2455515.1907452 1 1 32
2455515.2004676 1 1 32
2455515.2115789 1 1 32
2455515.2212965 1 1 32
2455515.2324125 1 1 32
2455515.2421348 1 1 32
2455515.2532449 1 1 32
2455515.2629673 1 1 32
2455515.2740786 1 1 32
2455515.2838009 1 1 32
2455515.2949122 1 1 32
2455515.3046346 1 1 32
2455515.3157447 1 1 32
2455515.325467 1 1 32
2455515.3365783 1 1 32
2455515.3462961 1 1 32
2455515.3608842 1 1 32
2455515.3706066 1 1 32
2455515.3817179 1 1 32
2455515.3914402 1 1 32
2455515.4025515 1 1 32
2455515.4122739 1 1 32
2455515.4233839 1 1 32
2455515.4331063 1 1 32
2455515.4442176 1 1 32
2455515.45394 1 1 32
2455515.4650512 1 1 32
2455515.4747689 1 1 32
2455515.4858837 1 1 32
2455515.495606 1 1 32
2455515.5067173 1 1 32
2455515.5164397 1 1 32
2455515.527551 1 1 32
2455515.5372733 1 1 32
2455515.5483846 1 1 32
2455515.5581058 1 1 32
2455515.5692171 1 1 32
2455515.5789394 1 1 32
2455515.5900507 1 1 32
2455515.5997684 1 1 32
2455515.6108843 1 1 32
2455515.6206057 1 1 32
2455515.631717 1 1 32
2455515.6414393 1 1 32
2455515.6525505 1 1 32
2455515.6622729 1 1 32
2455515.6733841 1 1 32
2455515.6831053 1 1 32
2455515.6942166 1 1 32
2455515.703939 1 1 32
2455515.7150502 1 1 32
2455515.7247679 1 1 32
2455515.7358839 1 1 32
2455515.7456051 1 1 32
2455515.7567163 1 1 32
2455515.7664387 1 1 32
2455515.7775499 1 1 32
2455515.7872723 1 1 32
2455515.7983836 1 1 32
2455515.8081048 1 1 32
2455515.8192161 1 1 32
2455515.8289384 1 1 32
2455515.8400497 1 1 32
2455515.8497674 1 1 32
2455515.8608833 1 1 32
2455515.8706057 1 1 32
2455515.8817158 1 1 32
2455515.8914382 1 1 32
2455515.9025495 1 1 32
2455515.9122719 1 1 32
2455515.9233831 1 1 32
2455515.9331055 1 1 32
2455515.9442156 1 1 32
2455515.9539379 1 1 32
2455515.9650492 1 1 32
2455515.974767 1 1 32
2455515.9893562 1 1 32
2455515.9990786 1 1 32
2455516.0101899 1 1 32
2455516.0199122 1 1 32
2455516.0310235 1 1 32
2455516.0407459 1 1 32
2455516.0518561 1 1 32
2455516.0615783 1 1 32
2455516.0726896 1 1 32
2455516.0824121 1 1 32
2455516.0935232 1 1 32
2455516.103241 1 1 32
2455516.1143558 1 1 32
2455516.1240781 1 1 32
2455516.1351894 1 1 32
2455516.1449118 1 1 32
2455516.156023 1 1 32
2455516.1657454 1 1 32
2455516.1768567 1 1 32
2455516.1865779 1 1 32
2455516.1976891 1 1 32
2455516.2074115 1 1 32
2455516.2185228 1 1 32
2455516.2282406 1 1 32
2455516.2393564 1 1 32
2455516.2490776 1 1 32
2455516.2601888 1 1 32
2455516.2699112 1 1 32
2455516.2810225 1 1 32
2455516.2907449 1 1 32
2455516.3018561 1 1 32
2455516.3115774 1 1 32
2455516.3226886 1 1 32
2455516.332411 1 1 32
2455516.3435222 1 1 32
2455516.35324 1 1 32
2455516.3643558 1 1 32
2455516.3740771 1 1 32
2455516.3851885 1 1 32
2455516.3949108 1 1 32
2455516.4060219 1 1 32
2455516.4157443 1 1 32
2455516.4268557 1 1 32
2455516.4365769 1 1 32
2455516.4476881 1 1 32
2455516.4574105 1 1 32
2455516.4685218 1 1 32
2455516.4782394 1 1 32
2455516.4893554 1 1 32
2455516.4990777 1 1 32
2455516.5101878 1 1 32
2455516.5199102 1 1 32
2455516.5310215 1 1 32
2455516.5407438 1 1 32
2455516.5518551 1 1 32
2455516.5615774 1 1 32
2455516.5726875 1 1 32
2455516.5824099 1 1 32
2455516.5935212 1 1 32
2455516.603239 1 1 32
2455516.6178271 1 1 32
2455516.6275494 1 1 32
2455516.6386607 1 1 32
2455516.648383 1 1 32
2455516.6594943 1 1 32
2455516.6692167 1 1 32
2455516.6803268 1 1 32
2455516.6900491 1 1 32
2455516.7011605 1 1 32
2455516.7108827 1 1 32
2455516.721994 1 1 32
2455516.7317118 1 1 32
2455516.7428266 1 1 32
2455516.7525488 1 1 32
2455516.7636602 1 1 32
2455516.7733826 1 1 32
2455516.7844937 1 1 32
2455516.7942162 1 1 32
2455516.8053275 1 1 32
2455516.8150486 1 1 32
2455516.8261599 1 1 32
2455516.8358823 1 1 32
2455516.8469935 1 1 32
2455516.8567112 1 1 32
2455516.8678271 1 1 32
2455516.8775484 1 1 32
2455516.8886596 1 1 32
2455516.898382 1 1 32
2455516.9094933 1 1 32
2455516.9192156 1 1 32
2455516.9303268 1 1 32
2455516.9400481 1 1 32
2455516.9511594 1 1 32
2455516.9608817 1 1 32
2455516.971993 1 1 32
2455516.9817108 1 1 32
2455516.9928266 1 1 32
2455517.0025478 1 1 32
2455517.0136591 1 1 32
2455517.0233814 1 1 32
2455517.0344927 1 1 32
2455517.0442151 1 1 32
2455517.0553264 1 1 32
2455517.0650475 1 1 32
2455517.0761588 1 1 32
2455517.0858813 1 1 32
2455517.0969924 1 1 32
2455517.1067101 1 1 32
2455517.1178261 1 1 32
2455517.1275484 1 1 32
2455517.1386585 1 1 32
2455517.1483809 1 1 32
2455517.1594922 1 1 32
2455517.1692145 1 1 32
2455517.1803258 1 1 32
2455517.1900482 1 1 32
2455517.2011582 1 1 32
2455517.2108806 1 1 32
2455517.221992 1 1 32
2455517.2317096 1 1 32
2455517.2486046 1 1 60
2455517.2694383 1 1 60
2455517.290272 1 1 60
2455517.3111055 1 1 60
2455517.3319381 1 1 60
2455517.3527718 1 1 60
2455517.3736053 1 1 60
2455517.3944378 1 1 60
2455517.4152714 1 1 60
2455517.4361051 1 1 60
2455517.4569375 1 1 60
2455517.4777711 1 1 60
2455517.4986048 1 1 60
2455517.5194372 1 0 30
2455517.5402709 1 0 30
2455517.5611045 1 0 30
2455517.5819369 1 0 30
2455517.6027707 1 0 30
2455517.6236042 1 0 30
2455517.6444367 1 0 30
2455517.6652704 1 0 30
2455517.686104 1 0 30
2455517.7069365 1 0 30
2455517.7277701 1 0 30
2455517.7486037 1 0 30
2455517.7694363 1 0 30
2455517.7902699 1 0 30
2455517.8111036 1 0 30
2455517.831936 1 0 30
2455517.8527696 1 0 30
2455517.8770756 1 0 30
2455517.8979092 1 0 30
2455517.9187428 1 0 30
2455517.9395765 1 0 30
2455517.960409 1 0 30
2455517.9812426 1 0 30
2455518.0020762 1 0 30
2455518.0229087 1 0 30
2455518.0437424 1 0 30
2455518.064576 1 0 30
2455518.0854085 1 0 30
2455518.1062421 1 0 30
2455518.1270757 1 0 30
2455518.1479083 1 0 30
2455518.1687419 1 0 30
2455518.1895755 1 0 30
2455518.210408 1 0 30
2455518.2312416 1 0 30
2455518.2520753 1 0 30
2455518.2729077 1 0 30
2455518.2937413 1 0 30
2455518.3145749 1 0 30
2455518.3354073 1 0 30
2455518.3562408 1 0 30
2455518.3770745 1 0 30
2455518.3979069 1 0 30
2455518.4187406 1 0 30
2455518.4395742 1 0 30
2455518.4604066 1 0 30
2455518.4812404 1 0 30
