2455494.5095779 208.381 13.126999999999999
2455494.5304115 208.254 13.742
2455494.5512441 208.517 14.478000000000002
2455494.5720778 207.528 16.348
2455494.5929114 207.642 16.82
2455494.6137439 210.151 15.600999999999999
2455494.6345776 209.205 17.641
2455494.6554112 208.193 15.481000000000002
2455494.6762448 208.261 14.466000000000001
2455494.6970775 207.066 14.463000000000001
2455494.7179112 206.986 15.218
2455494.7387446 205.392 13.776
2455494.7595772 204.826 13.585999999999999
2455494.7804109 202.95 12.591000000000001
2455494.8012445 201.798 11.529
2455494.822077 199.107 9.571000000000002
2455494.8429107 196.904 9.113
2455495.2005482 0.0 0.0
2455495.2213818 203.328 11.253
2455495.2422155 203.599 12.521
2455495.2630479 202.998 13.2
2455495.2838816 202.838 13.875
2455495.3047152 202.796 13.437999999999999
2455495.3255489 203.325 14.71
2455495.3463814 203.398 15.678999999999998
2455495.3672151 202.959 15.433
2455495.3880487 203.131 16.355
2455495.4088813 203.253 18.136
2455495.4297149 201.432 17.811
2455495.4505486 200.404 18.445999999999998
2455495.4713821 199.518 19.46
2455495.4922148 199.379 19.936999999999998
2455495.5130484 0.0 0.0
2455495.5338819 200.417 20.474
2455495.5547147 200.866 20.647
2455495.5755484 198.134 19.817
2455495.5963821 195.965 18.316000000000003
2455495.6172144 197.044 18.57
2455495.638048 197.77 19.378999999999998
2455495.6588817 197.926 19.595
2455495.6797152 197.954 21.438000000000002
2455495.700548 198.13 20.524
2455495.7213816 199.635 20.951
2455495.7422151 200.031 22.671
2455495.7630477 199.119 23.225
2455495.7838814 199.121 22.525
2455495.804715 200.787 22.618000000000002
2455495.8255474 201.473 23.194000000000003
2455495.8463811 202.95 22.576999999999998
2455496.1554079 0.0 0.0
2455496.1762416 198.224 21.644
2455496.1970752 198.181 21.705
2455496.2179079 199.244 22.659
2455496.2387415 200.047 22.558
2455496.2595752 200.079 21.669
2455496.2804086 0.0 0.0
2455496.3012412 198.765 19.497999999999998
2455496.3220748 198.492 19.053
2455496.3429086 196.832 16.804
2455496.363741 197.741 16.021
2455496.3845747 198.788 14.215
2455496.4054083 199.543 15.579999999999998
2455496.426242 201.003 17.816000000000003
2455496.4470745 202.081 19.627000000000002
2455496.4679081 0.0 0.0
2455496.4887417 203.67 20.598
2455496.5095742 0.0 0.0
2455496.530408 200.023 19.2
2455496.5512415 199.975 17.726
2455496.5720741 199.204 17.672
2455496.5929077 199.272 18.756
2455496.6137414 200.296 17.686
2455496.634575 201.505 16.837
2455496.6554077 203.262 15.558
2455496.6762413 203.57 13.93
2455496.6970748 203.174 12.849
2455496.7179074 203.392 13.165
2455496.7387411 204.236 11.632000000000001
2455496.7595747 205.224 10.687999999999999
2455496.7804073 205.488 11.858
2455496.8012409 207.497 10.948
2455497.5096954 0.0 0.0
2455497.5513614 202.037 23.997
2455497.5930275 204.09 23.828
2455497.6346937 203.598 23.445
2455497.6763598 201.237 22.688000000000002
2455497.7180249 199.444 21.645
2455497.726871 200.661 21.974
2455497.7707352 199.568 22.648
2455497.8124014 217.423 17.105
2455497.8540687 198.019 26.014
2455497.8957349 201.145 22.542
2455497.9374022 198.712 23.436
2455497.9790684 0.0 0.0
2455498.0513611 193.095 25.905
2455498.0930272 189.995 26.704
2455498.1346933 188.031 24.404
2455498.1763595 191.148 24.65
2455498.2180255 193.381 22.028
2455498.2596906 198.24 23.525
2455498.3013568 202.129 23.647
2455498.3430229 201.496 24.469
2455498.3846892 200.414 23.422
2455498.4680214 196.347 22.945999999999998
2455498.5096864 196.189 21.816000000000003
2455498.5513526 196.057 20.94
2455498.5930187 197.046 20.628
2455498.634685 198.105 17.748
2455498.676351 195.067 11.858
2455498.7180172 192.643 7.5219999999999985
2455498.7268701 193.274 7.776
2455498.7707343 202.841 19.581
2455498.8124005 202.261 17.896
2455498.8540679 230.183 20.808
2455498.8957341 204.402 10.166
2455498.9374014 193.971 12.698
2455498.9790675 202.552 22.180999999999997
2455499.0513603 0.0 0.0
2455499.0930263 0.0 0.0
2455499.1346925 0.0 0.0
2455499.1763587 0.0 0.0
2455499.2180247 0.0 0.0
2455499.2596898 0.0 0.0
2455499.3013559 0.0 0.0
2455499.3430221 0.0 0.0
2455499.3846882 0.0 0.0
2455499.4680206 0.0 0.0
2455499.5096856 198.205 30.794
2455499.5513517 199.515 27.409
2455499.593018 199.604 25.560000000000002
2455499.6346841 202.658 24.701
2455499.6763502 204.721 23.747999999999998
2455499.7180164 202.204 20.209
2455499.7268693 199.273 23.243000000000002
2455499.7707336 0.0 0.0
2455499.8123998 199.814 20.032
2455499.8540671 201.192 20.765
2455499.8957333 198.669 21.113
2455499.9374006 204.281 18.851
2455499.9790666 203.7 20.575
2455500.0513595 0.0 0.0
2455500.0930256 197.209 26.387999999999998
2455500.1346917 195.109 24.695999999999998
2455500.1763578 194.243 24.438000000000002
2455500.218024 195.385 25.798000000000002
2455500.259689 197.119 27.75
2455500.3013551 198.942 27.944000000000003
2455500.3430213 199.928 24.451
2455500.3846874 201.062 22.826999999999998
2455500.4680199 203.256 24.811
2455500.5096847 203.299 22.913
2455500.5513509 206.527 22.384999999999998
2455500.593017 209.347 22.698
2455500.6346833 207.096 21.867
2455500.6763493 202.951 19.596
2455500.7180155 198.578 15.984000000000002
2455500.7268674 197.815 14.934000000000001
2455500.7707316 202.597 16.762
2455500.8123978 201.952 16.982
2455500.8540651 200.798 19.812
2455500.8957312 200.932 18.73
2455500.9373985 200.069 21.114
2455500.9790647 197.619 16.349
2455501.0513576 0.0 0.0
2455501.0930236 191.769 15.472999999999999
2455501.1346897 191.681 15.797999999999998
2455501.1763559 194.076 19.859
2455501.2180219 195.353 23.433999999999997
2455501.2596871 195.872 23.971
2455501.3013533 198.605 26.837
2455501.3430193 201.553 26.78
2455501.3846855 202.394 27.775
2455501.4680178 206.172 28.436999999999998
2455501.5096828 207.966 29.884
2455501.5513489 203.887 25.958
2455501.5930151 201.958 24.778
2455501.6346814 0.0 0.0
2455501.6763474 201.037 24.718
2455501.7180135 203.775 23.894
2455501.7268665 203.979 22.914
2455501.7707307 205.03 14.133
2455501.812397 201.657 19.078
2455501.8540643 200.866 19.901
2455501.8957303 204.256 13.988
2455501.9373976 201.718 16.193
2455501.9790639 193.821 22.921
2455502.0513566 0.0 0.0
2455502.0930227 210.884 11.011
2455502.1346889 211.467 9.568999999999999
2455502.176355 213.05 11.969000000000001
2455502.2180211 215.128 14.629999999999999
2455502.2596861 213.276 15.504000000000001
2455502.3013522 211.508 18.894
2455502.3430184 208.521 20.629
2455502.3846845 204.127 19.72
2455502.4263507 202.388 18.527
2455502.4680168 197.936 15.834
2455502.5096818 197.368 16.548
2455502.551348 203.248 19.741
2455502.5930141 207.486 21.673000000000002
2455502.6346803 206.937 20.957
2455502.6763463 207.132 21.734
2455502.7180124 207.023 22.029
2455502.7268655 207.017 22.247999999999998
2455502.7707298 205.327 17.924
2455502.812396 200.825 21.252000000000002
2455502.8540633 208.772 15.978000000000002
2455502.8957294 199.032 20.112
2455502.9373968 204.923 20.885
2455502.9790629 205.029 18.116
2455503.3013548 0.0 0.0
2455503.3430208 204.711 16.601
2455503.384687 207.944 16.346
2455503.4263531 206.694 17.507
2455503.4680191 203.782 14.530000000000001
2455503.5096843 0.0 0.0
2455503.5513504 199.651 10.728000000000002
2455503.5930166 199.526 10.940000000000001
2455503.6346827 0.0 0.0
2455503.6763488 200.668 13.751999999999999
2455503.7180149 201.468 16.953
2455503.7268645 201.043 17.056
2455503.7707287 198.091 23.152
2455503.812395 0.0 0.0
2455503.8540623 201.128 17.07
2455503.8957283 203.04 14.753
2455503.9373956 206.754 13.876000000000001
2455503.9790619 202.067 15.782
2455504.3360915 0.0 0.0
2455504.4194249 0.0 0.0
2455505.6266225 207.181 40.313
2455505.6474559 208.855 40.821
2455505.6682897 210.892 41.147
2455505.6891233 212.933 40.944
2455505.7099558 215.161 39.364000000000004
2455505.7307894 216.787 40.682
2455505.7516231 69.858 38.982
2455505.7724555 214.83 38.739999999999995
2455505.7932891 213.056 36.719
2455505.8141228 0.0 0.0
2455505.8349564 212.301 34.596000000000004
2455505.855789 210.06 33.301
2455505.8766226 207.266 32.521
2455505.8974562 206.153 31.034999999999997
2455505.9182887 203.527 30.726
2455505.9391222 200.902 29.584000000000003
2455505.9599559 198.011 30.631999999999998
2455505.9807896 194.147 31.037
2455506.001622 193.109 30.589
2455506.0224557 192.101 28.643
2455506.0432893 192.089 26.948
2455506.0641218 193.737 26.131
2455506.0849553 194.919 25.064999999999998
2455506.105789 194.987 24.957
2455506.1266226 195.79 24.848999999999997
2455506.1474552 195.652 25.39
2455506.1682888 195.628 27.183999999999997
2455506.1891225 195.766 27.616999999999997
2455506.2099561 195.926 28.872999999999998
2455506.2307887 196.609 29.049
2455506.2516223 195.529 29.326999999999998
2455506.2724559 195.705 31.209000000000003
2455506.2932883 195.086 31.71
2455506.3141219 194.876 32.784
2455506.3349556 196.188 32.775
2455506.3557892 196.489 31.229
2455506.3766219 196.965 33.122
2455506.3974555 195.78 35.797
2455506.4182892 195.801 37.07
2455506.4391216 195.364 38.291
2455506.4599554 196.96 37.146
2455506.480789 199.709 35.167
2455506.5016225 0.0 0.0
2455506.522455 0.0 0.0
2455506.5432886 199.73 32.939
2455506.5641223 199.151 29.609
2455506.5849547 199.233 30.159
2455506.6057884 199.755 29.055
2455506.626622 199.621 28.787
2455506.6474556 196.576 29.802
2455506.6682881 194.445 29.772
2455506.6891217 192.98 29.153
2455506.7099554 192.168 29.366
2455506.7307879 191.979 27.137
2455506.7516215 192.865 26.476999999999997
2455506.7724551 192.912 24.275
2455506.7932889 193.908 21.773000000000003
2455506.8141213 193.52 22.601
2455506.8349549 193.425 21.859
2455506.8557886 193.262 21.334000000000003
2455506.876621 194.818 20.747
2455506.8974547 194.919 20.450000000000003
2455506.9182883 195.01 20.997
2455506.939122 194.353 20.963
2455506.9599544 193.949 23.097
2455506.9807882 193.418 25.15
2455507.0016218 194.212 24.92
2455507.0224542 194.995 24.543
2455507.0432879 194.688 24.369
2455507.0641215 196.148 25.11
2455507.0849552 196.673 25.083
2455507.1907528 0.0 0.0
2455507.2004753 0.0 0.0
2455507.2115866 0.0 0.0
2455507.2213089 0.0 0.0
2455507.2324201 0.0 0.0
2455507.2421426 0.0 0.0
2455507.2532527 0.0 0.0
2455507.262975 0.0 0.0
2455507.2740862 0.0 0.0
2455507.2838087 0.0 0.0
2455507.2949199 0.0 0.0
2455507.3046377 0.0 0.0
2455507.3157525 0.0 0.0
2455507.3254749 0.0 0.0
2455507.3365861 0.0 0.0
2455507.3463085 0.0 0.0
2455507.3574198 0.0 0.0
2455507.3671422 0.0 0.0
2455507.3782533 0.0 0.0
2455507.3879747 0.0 0.0
2455507.3990858 0.0 0.0
2455507.4088081 0.0 0.0
2455507.4199194 0.0 0.0
2455507.4296372 0.0 0.0
2455507.4407533 0.0 0.0
2455507.4504745 0.0 0.0
2455507.4615857 0.0 0.0
2455507.4713081 0.0 0.0
2455507.4824193 0.0 0.0
2455507.4921416 0.0 0.0
2455507.503253 203.169 19.494999999999997
2455507.5129742 198.137 21.019
2455507.5240855 199.228 19.208
2455507.5338078 200.376 17.678
2455507.5449191 201.166 16.319000000000003
2455507.5546369 201.213 15.896
2455507.5657527 201.322 14.633
2455507.5754739 200.692 13.553999999999998
2455507.5865853 0.0 0.0
2455507.5963076 199.137 11.829
2455507.6074187 198.246 11.167000000000002
2455507.6171411 198.146 10.535
2455507.6282526 199.004 8.878
2455507.6379737 199.058 8.087
2455507.649085 199.666 6.577999999999999
2455507.6588073 199.155 6.555
2455507.6699186 198.886 5.727
2455507.6796363 198.946 5.632999999999999
2455507.6907523 198.072 5.727
2455507.7004747 196.993 6.253
2455507.7115847 195.901 7.4780000000000015
2455507.7213071 195.114 9.017
2455507.7324184 194.949 9.609000000000002
2455507.7421408 194.647 10.437000000000001
2455507.753252 193.474 11.497
2455507.7629744 192.664 13.131
2455507.7740846 192.534 14.469999999999999
2455507.7838068 192.51 15.649000000000001
2455507.7949182 193.468 15.646
2455507.8046359 194.043 16.573999999999998
2455507.8192252 0.0 0.0
2455507.8289476 0.0 0.0
2455507.8400589 0.0 0.0
2455507.8497813 0.0 0.0
2455507.8608925 196.934 17.864
2455507.8706149 196.626 19.012999999999998
2455507.881725 196.768 20.066000000000003
2455507.8914474 196.867 20.801000000000002
2455507.9025586 197.611 20.95
2455507.912281 198.609 20.386
2455507.9233923 199.942 19.802
2455507.93311 201.021 20.622999999999998
2455507.9442248 201.528 21.820999999999998
2455507.9539472 201.787 21.811
2455507.9650584 201.551 21.125999999999998
2455507.9747808 200.965 21.596
2455507.985892 201.014 21.343
2455507.9956144 201.057 21.481
2455508.0067256 201.639 20.73
2455508.0164469 202.371 20.579
2455508.0275582 203.009 20.363
2455508.0372806 202.781 19.986
2455508.0483918 203.006 18.422
2455508.0581095 0.0 0.0
2455508.0692255 204.374 17.322
2455508.0789467 204.077 19.05
2455508.0900579 204.241 18.612000000000002
2455508.0997803 203.915 19.292
2455508.1108916 203.555 18.615000000000002
2455508.1206139 203.443 18.47
2455508.1317252 197.401 21.814
2455508.1414465 202.659 19.648
2455508.1525578 203.549 19.451999999999998
2455508.1622801 204.186 19.051000000000002
2455508.1733914 203.423 19.439
2455508.1831091 203.304 19.984
2455508.1942249 204.547 19.481
2455508.2039462 205.584 19.288
2455508.2150575 206.731 18.517
2455508.2247799 207.239 18.23
2455508.2358911 207.442 17.736
2455508.2456135 207.791 17.154
2455508.2567248 208.581 16.425
2455508.2664461 209.269 16.721
2455508.2775572 209.507 16.235
2455508.2872796 210.395 16.087
2455508.2983909 210.778 16.09
2455508.3081086 210.309 17.25
2455508.3192245 210.257 17.557000000000002
2455508.3289469 210.386 17.519
2455508.3400571 210.362 17.351
2455508.3497794 209.339 18.784
2455508.3608907 208.995 19.798000000000002
2455508.3706131 208.989 20.561999999999998
2455508.3817243 208.559 19.801000000000002
2455508.3914466 207.996 20.271
2455508.4025568 207.146 21.086
2455508.4122792 206.494 21.864
2455508.4233904 205.268 22.704
2455508.4331082 204.888 22.796
2455508.4476964 203.819 22.573
2455508.4574187 203.134 22.189999999999998
2455508.46853 203.288 21.267
2455508.4782524 203.164 21.335
2455508.4893637 203.173 19.855
2455508.4990859 203.161 18.793
2455508.5101961 0.0 0.0
2455508.5199185 202.055 17.180999999999997
2455508.5310297 202.723 16.417
2455508.5407521 201.942 16.664
2455508.5518634 201.529 16.225
2455508.5615812 201.005 16.242
2455508.5726958 200.472 16.038
2455508.5824183 200.06 16.403
2455508.5935296 200.559 15.438000000000002
2455508.6032519 200.968 15.359000000000002
2455508.6143631 200.977 15.405999999999999
2455508.6240855 201.472 14.776
2455508.6351969 201.929 14.322
2455508.644918 202.655 14.591000000000001
2455508.6560293 203.51 14.503
2455508.6657517 203.991 14.556000000000001
2455508.676863 205.1 14.418
2455508.6865806 204.71 15.905000000000001
2455508.6976966 203.541 17.215
2455508.7074178 202.505 18.956
2455508.718529 201.507 19.213
2455508.7282514 201.515 19.979
2455508.7393627 200.981 20.436
2455508.7490851 201.316 21.089
2455508.7601963 201.347 21.778
2455508.7699175 200.886 22.671
2455508.7810289 200.747 23.142
2455508.7907511 200.647 23.22
2455508.8018625 200.001 22.996000000000002
2455508.8115802 199.776 23.665
2455508.8226962 199.06 23.624
2455508.8324173 198.72 23.809
2455508.8435286 198.588 23.968
2455508.853251 199.667 24.245
2455508.8643623 199.871 23.288
2455508.8740846 200.738 22.593
2455508.8851959 201.568 20.9
2455508.8949171 200.962 21.444000000000003
2455508.9060285 200.309 22.087
2455508.9157507 200.15 22.558
2455508.9268621 199.872 22.719
2455508.9365798 200.121 23.323999999999998
2455508.9476956 200.715 23.649
2455508.957418 200.306 23.5
2455508.9685282 200.372 24.322
2455508.9782506 199.763 25.223
2455508.9893618 199.105 25.411
2455508.9990842 199.381 24.645
2455509.0101955 199.956 23.665
2455509.0199178 199.337 23.309
2455509.0310279 199.057 23.315
2455509.0407503 198.488 23.534
2455509.0518615 198.407 24.328
2455509.0615793 198.346 25.014
2455509.0761686 0.0 0.0
2455509.0858911 197.158 25.637999999999998
2455509.0970022 196.661 24.476
2455509.1067246 196.607 24.312
2455509.1178359 197.133 23.653
2455509.1275583 197.635 22.183999999999997
2455509.1386684 197.76 21.668
2455509.1483908 197.419 22.139
2455509.1595021 197.375 22.121000000000002
2455509.1692244 196.865 22.496000000000002
2455509.1803357 196.265 21.705
2455509.1900534 0.0 0.0
2455509.2011681 195.167 21.676000000000002
2455509.2108905 195.236 21.566000000000003
2455509.2220018 195.576 20.858
2455509.2317242 196.118 20.380000000000003
2455509.2428354 196.214 19.139
2455509.2525578 196.16 18.391
2455509.2636691 196.439 17.2
2455509.2733903 197.176 16.772
2455509.2845015 197.399 16.896
2455509.2942239 197.442 17.006
2455509.3053352 197.375 17.756
2455509.3150529 197.936 19.066000000000003
2455509.3261688 198.172 19.631999999999998
2455509.33589 198.421 19.484
2455509.3470014 198.161 19.993000000000002
2455509.3567236 198.182 20.314
2455509.367835 197.292 20.896
2455509.3775574 197.251 21.430999999999997
2455509.3886686 197.283 20.596
2455509.3983898 197.783 20.195999999999998
2455509.4095011 198.043 19.75
2455509.4192235 197.977 19.955
2455509.4303347 197.948 19.734
2455509.4400525 197.833 20.45
2455509.4511684 198.039 20.006999999999998
2455509.4608896 199.193 19.707
2455509.4720008 201.334 17.909
2455509.4817232 203.023 18.168
2455509.4928346 203.878 17.947
2455509.5025568 205.179 17.317
2455509.5136681 207.15 16.731
2455509.5233894 208.403 17.136
2455509.5345007 210.149 17.128
2455509.5442229 211.164 17.341
2455509.5553343 211.562 16.833
2455509.565052 212.129 17.966
2455509.5761678 211.956 18.750999999999998
2455509.5858903 211.224 19.717
2455509.5970004 210.193 20.686
2455509.6067228 209.141 21.79
2455509.617834 207.508 22.348
2455509.6275564 206.383 22.537
2455509.6386677 206.27 22.701
2455509.64839 207.1 22.553
2455509.6595002 208.035 21.563000000000002
2455509.6692225 208.117 21.131999999999998
2455509.6803338 207.36 21.293
2455509.6900515 206.561 21.686999999999998
2455509.7046397 0.0 0.0
2455509.7143621 209.041 20.462
2455509.7254733 210.182 19.378
2455509.7351957 211.089 18.767
2455509.746307 210.98 17.718
2455509.7560294 211.014 17.676000000000002
2455509.7671395 210.491 16.721
2455509.7768618 210.475 16.409
2455509.7879731 209.928 16.861
2455509.7976956 209.143 16.862000000000002
2455509.8088067 207.924 17.522
2455509.8185245 0.0 0.0
2455509.8296393 206.282 17.439
2455509.8393616 205.363 17.868000000000002
2455509.8504729 203.377 18.491
2455509.8601953 202.952 19.256999999999998
2455509.8713065 202.229 20.384
2455509.8810289 203.072 20.189999999999998
2455509.8921402 204.332 19.084
2455509.9018614 205.193 19.128
2455509.9129726 205.897 19.174
2455509.922695 205.947 19.647
2455509.9338063 205.818 19.958
2455509.9435241 205.818 20.605
2455509.9546399 205.165 20.811999999999998
2455509.9643612 204.845 20.974
2455509.9754724 204.005 21.253999999999998
2455509.9851947 203.969 21.576999999999998
2455509.996306 203.82 21.928
2455510.0060284 203.8 21.261
2455510.0171398 203.038 20.669
2455510.0268609 202.597 20.731
2455510.0379722 202.052 20.16
2455510.0476946 201.888 19.592
2455510.0588058 201.937 18.616
2455510.0685235 202.152 18.429000000000002
2455510.0796395 202.76 17.811
2455510.0893607 202.125 18.18
2455510.1004719 201.524 18.392
2455510.1101943 201.118 18.161
2455510.1213056 200.9 17.747
2455510.131028 200.895 18.027
2455510.1421392 201.438 16.865000000000002
2455510.1518604 202.174 16.231
2455510.1629718 203.723 15.197
2455510.172694 204.679 14.602
2455510.1838054 204.873 13.361999999999998
2455510.1935231 204.115 13.015999999999998
2455510.204639 203.878 12.825
2455510.2143613 203.081 12.524000000000001
2455510.2254715 202.657 12.788
2455510.2351939 201.78 12.578
2455510.2463051 201.011 13.34
2455510.2560275 200.64 14.135000000000002
2455510.2671388 199.981 13.489
2455510.2768612 199.877 14.158000000000001
2455510.2879712 199.676 14.227
2455510.2976935 199.613 13.695
2455510.3088049 199.064 13.003
2455510.3185226 198.752 13.827000000000002
2455510.3331119 198.033 14.315999999999999
2455510.3428344 198.435 14.447
2455510.3539455 199.061 13.905000000000001
2455510.363668 199.84 14.161999999999999
2455510.3747792 200.142 14.393999999999998
2455510.3845016 200.272 14.649999999999999
2455510.3956117 200.921 14.809999999999999
2455510.4053341 199.93 16.136
2455510.4164454 200.031 16.015
2455510.4261678 200.157 15.646
2455510.437279 200.52 15.232
2455510.4469967 201.221 14.652000000000001
2455510.4581117 200.587 14.61
2455510.4678338 200.274 14.058
2455510.4789452 199.655 13.536000000000001
2455510.4886675 199.599 13.64
2455510.4997788 0.0 0.0
2455510.5095011 201.462 12.41
2455510.5206124 202.234 12.338999999999999
2455510.5303336 202.328 12.829999999999998
2455510.541445 202.266 13.324000000000002
2455510.5511672 201.371 13.363
2455510.5622786 200.484 13.934999999999999
2455510.5719963 0.0 0.0
2455510.5831122 201.181 15.279
2455510.5928334 201.245 15.236
2455510.6039447 200.517 15.088000000000001
2455510.613667 199.593 15.606000000000002
2455510.6247783 198.445 16.108
2455510.6345007 197.609 16.591
2455510.645612 196.527 16.826
2455510.6553331 195.286 17.881
2455510.6664444 194.26 17.164
2455510.6761668 193.127 17.467
2455510.687278 192.259 16.694000000000003
2455510.6969958 192.304 17.271
2455510.7081117 192.887 16.707
2455510.717833 193.07 16.676000000000002
2455510.7289442 193.401 16.17
2455510.7386665 194.271 15.890999999999998
2455510.7497778 194.112 16.413
2455510.7595001 194.39 16.028
2455510.7706114 194.27 15.489
2455510.7803327 194.872 14.745999999999999
2455510.791444 195.116 14.399999999999999
2455510.8011663 195.095 14.637
2455510.8122776 195.593 13.713000000000001
2455510.8219954 195.993 13.087
2455510.8331112 196.997 12.192
2455510.8428336 198.203 11.917000000000002
2455510.8539437 199.661 11.854
2455510.8636661 200.075 13.0
2455510.8747773 200.604 13.420000000000002
2455510.8844997 200.216 14.305
2455510.895611 199.759 15.122999999999998
2455510.9053334 199.772 16.115000000000002
2455510.9164434 200.012 15.990000000000002
2455510.9261658 199.982 15.543
2455510.9372771 200.038 15.213999999999999
2455510.9469949 199.995 16.058
2455510.961583 0.0 0.0
2455510.9713054 200.353 16.075
2455510.9824166 200.52 15.316000000000003
2455510.992139 200.07 15.637999999999998
2455511.0032503 198.803 16.173000000000002
2455511.0129727 198.231 16.457
2455511.0240828 198.064 16.116
2455511.0338051 198.059 16.348
2455511.0449164 197.826 16.711
2455511.0546387 197.697 16.929000000000002
2455511.06575 197.499 15.712
2455511.0754678 197.406 15.668
2455511.0865826 197.545 14.606000000000002
2455511.0963049 197.791 13.163
2455511.1074162 198.096 12.672
2455511.1171385 197.958 13.062999999999999
2455511.1282498 197.898 12.811
2455511.1379721 198.025 12.827000000000002
2455511.1490834 198.633 12.671
2455511.1588047 199.095 13.261
2455511.1699159 199.545 13.411999999999999
2455511.1796383 199.697 13.047
2455511.1907496 199.607 12.046
2455511.2004673 0.0 0.0
2455511.2115832 199.815 11.451
2455511.2213044 199.72 11.850999999999999
2455511.2324157 199.687 11.95
2455511.242138 200.199 11.95
2455511.2532493 200.91 12.216999999999999
2455511.2629717 200.999 12.106000000000002
2455511.274083 201.209 11.402000000000001
2455511.2838042 200.936 11.896
2455511.2949154 200.255 12.469999999999999
2455511.3046378 200.02 13.187999999999999
2455511.315749 199.294 12.748000000000001
2455511.3254668 199.19 12.366
2455511.3365828 198.317 12.636
2455511.3463039 198.388 12.693999999999999
2455511.3574152 198.15 12.059999999999999
2455511.3671376 198.11 11.372
2455511.3782489 197.596 11.332999999999998
2455511.3879712 198.255 11.056000000000001
2455511.3990824 198.349 11.157
2455511.4088037 198.304 12.129000000000001
2455511.4199149 197.48 13.261
2455511.4296373 197.346 13.843
2455511.4407485 197.173 13.986
2455511.4504664 196.188 14.728000000000002
2455511.4615822 195.419 15.553
2455511.4713046 194.643 15.643
2455511.4824147 194.444 15.640999999999998
2455511.492137 194.587 15.774000000000001
2455511.5032483 194.508 14.736999999999998
2455511.5129707 194.707 14.587
2455511.5240819 0.0 0.0
2455511.5338043 196.259 12.782
2455511.5449145 196.532 12.555
2455511.5546368 197.199 11.887
2455511.5657481 198.075 11.526
2455511.5754658 200.623 12.640999999999998
2455511.5900552 0.0 0.0
2455511.5997775 197.104 10.167000000000002
2455511.6108888 196.115 9.969000000000001
2455511.6206112 195.316 10.437000000000001
2455511.6317224 194.306 10.442
2455511.6414448 193.893 10.151
2455511.6525549 193.063 9.818999999999999
2455511.6622773 192.101 11.218
2455511.6733885 191.231 11.396
2455511.6831109 190.827 11.553999999999998
2455511.6942222 190.249 11.280000000000001
2455511.7039399 190.036 12.061
2455511.7150546 0.0 0.0
2455511.724777 0.0 0.0
2455511.7358884 0.0 0.0
2455511.7456106 0.0 0.0
2455511.756722 0.0 0.0
2455511.7664443 0.0 0.0
2455511.7775556 0.0 0.0
2455511.7872768 0.0 0.0
2455511.7983881 191.652 17.39
2455511.8081105 191.726 16.92
2455511.8192217 191.823 15.835
2455511.8289394 191.741 16.121000000000002
2455511.8400554 191.804 15.375
2455511.8497765 192.113 14.945
2455511.8608878 191.868 15.396
2455511.8706102 192.043 15.46
2455511.8817215 192.12 15.951
2455511.8914438 192.961 16.066000000000003
2455511.9025551 193.955 15.491
2455511.9122764 194.889 15.695999999999998
2455511.9233877 195.412 15.847000000000001
2455511.9331099 195.34 16.692
2455511.9442212 195.5 16.91
2455511.953939 0.0 0.0
2455511.9650548 195.243 16.253999999999998
2455511.974776 195.168 16.371000000000002
2455511.9858874 194.622 15.847000000000001
2455511.9956098 194.512 15.343
2455512.006721 194.971 14.564
2455512.0164434 195.007 14.395
2455512.0275547 195.199 13.544
2455512.0372758 195.326 13.007000000000001
2455512.0483871 195.105 12.254000000000001
2455512.0581095 195.208 11.858
2455512.0692207 195.369 10.661999999999999
2455512.0789384 195.949 10.254000000000001
2455512.0900544 196.288 10.001000000000001
2455512.0997768 196.361 9.23
2455512.1108868 197.113 8.286999999999999
2455512.1206092 197.314 8.155999999999999
2455512.1317205 196.932 8.687000000000001
2455512.1414428 196.801 9.123000000000001
2455512.1525541 197.178 8.98
2455512.1622765 197.233 9.498000000000001
2455512.1733865 196.351 9.853000000000002
2455512.1831089 196.865 9.413
2455512.1942203 197.459 8.387
2455512.203938 198.112 7.68
2455512.2185261 0.0 0.0
2455512.2282485 0.0 0.0
2455512.2393599 0.0 0.0
2455512.2490821 0.0 0.0
2455512.2601934 199.134 4.605
2455512.2699158 199.16 4.5710000000000015
2455512.2810259 198.768 4.138999999999999
2455512.2907482 198.736 4.638000000000002
2455512.3018596 199.12 5.067
2455512.311582 199.232 5.853999999999999
2455512.3226931 199.268 6.667999999999999
2455512.3324109 199.267 7.984999999999999
2455512.3435257 199.287 8.140999999999998
2455512.353248 199.799 8.32
2455512.3643593 199.824 7.850000000000001
2455512.3740817 200.096 7.975000000000001
2455512.385193 200.624 8.492
2455512.3949153 200.109 9.472999999999999
2455512.4060266 199.97 10.303
2455512.4157478 200.008 11.2
2455512.426859 199.804 11.901
2455512.4365814 199.895 12.741
2455512.4476927 199.627 12.773
2455512.4574105 198.987 13.911000000000001
2455512.4685263 198.855 13.998999999999999
2455512.4782475 199.693 14.285
2455512.4893588 199.875 14.57
2455512.4990811 199.875 15.552
2455512.5101924 199.468 16.788
2455512.5199148 199.041 17.628999999999998
2455512.531026 198.85 17.369999999999997
2455512.5407473 199.041 18.045
2455512.5518586 199.977 17.591
2455512.561581 200.963 17.067
2455512.5726922 201.553 16.883
2455512.5824099 202.111 16.846
2455512.5935258 202.71 16.992
2455512.603247 202.968 17.043
2455512.6143583 202.948 17.403
2455512.6240807 202.798 15.893999999999998
2455512.635192 202.888 15.091000000000001
2455512.6449143 203.536 14.084
2455512.6560256 203.585 12.745000000000001
2455512.6657468 203.185 12.809000000000001
2455512.6768581 202.79 13.825
2455512.6865804 201.93 14.047999999999998
2455512.6976917 202.013 13.196000000000002
2455512.7074095 202.001 12.847999999999999
2455512.7185253 202.366 13.439
2455512.7282477 202.022 14.674
2455512.7393579 201.457 14.421
2455512.7490801 201.221 15.224
2455512.7601915 201.056 15.634999999999998
2455512.7699138 200.512 16.165
2455512.781025 200.757 16.66
2455512.7907474 200.412 16.983
2455512.8018576 199.351 17.683999999999997
2455512.81158 199.231 17.987000000000002
2455512.8226911 198.724 18.482
2455512.8324089 199.249 18.923000000000002
2455512.8469983 0.0 0.0
2455512.8567206 199.096 19.072
2455512.8678319 198.212 19.108
2455512.8775543 197.507 19.881999999999998
2455512.8886655 197.249 19.798000000000002
2455512.8983879 196.702 19.186
2455512.909498 197.256 18.322
2455512.9192204 197.36 18.106
2455512.9303316 197.362 17.704
2455512.940054 197.204 17.671
2455512.9511653 196.466 18.247
2455512.960883 196.068 19.256999999999998
2455512.9719977 195.331 19.278
2455512.9817201 194.992 19.483
2455512.9928315 194.184 19.317999999999998
2455513.0025537 193.295 19.871000000000002
2455513.013665 192.947 20.113
2455513.0233875 191.855 19.753
2455513.0344986 191.861 20.893
2455513.0442199 191.371 21.628999999999998
2455513.0553312 191.216 21.606
2455513.0650535 191.799 21.217
2455513.0761648 192.937 19.801000000000002
2455513.0858825 193.357 19.711
2455513.0969985 193.946 18.490000000000002
2455513.1067196 194.243 16.92
2455513.1178309 194.643 15.305
2455513.1275533 195.053 15.492
2455513.1386645 196.094 14.433
2455513.1483869 197.092 13.184999999999999
2455513.1594982 198.252 11.149999999999999
2455513.1692194 198.854 10.748999999999999
2455513.1803306 199.052 10.565999999999999
2455513.190053 199.913 10.032
2455513.2011643 201.645 8.015999999999998
2455513.2108821 203.008 7.559999999999999
2455513.2219979 205.015 7.149000000000001
2455513.2317192 206.604 6.475000000000001
2455513.2428303 207.8 5.477
2455513.2525528 208.112 6.106000000000002
2455513.2636641 208.884 6.672000000000001
2455513.2733864 208.922 7.036000000000001
2455513.2844977 209.073 7.186
2455513.2942189 209.051 8.309999999999999
2455513.3053302 209.461 9.475000000000001
2455513.3150524 209.023 10.399999999999999
2455513.3261638 208.853 12.271999999999998
2455513.3358816 208.889 13.143999999999998
2455513.3469975 208.122 13.404
2455513.3567198 207.398 14.256
2455513.3678299 206.45 14.907
2455513.3775523 205.959 15.145
2455513.3886636 206.062 15.154
2455513.3983859 205.139 15.206
2455513.4094972 204.904 14.762
2455513.4192197 204.958 14.937999999999999
2455513.4303296 204.584 14.331
2455513.440052 204.353 14.783999999999999
2455513.4511633 204.926 15.067999999999998
2455513.460881 204.588 16.215
2455513.4754704 203.014 17.256999999999998
2455513.4851928 205.509 15.828
2455513.4963039 203.051 17.155
2455513.5060264 203.063 17.542
2455513.5171378 203.212 18.189
2455513.5268599 204.007 17.803
2455513.5379701 204.8 17.438000000000002
2455513.5476925 205.217 17.362000000000002
2455513.5588038 205.778 17.592
2455513.5685261 206.062 17.432000000000002
2455513.5796374 206.18 17.137
2455513.5893552 0.0 0.0
2455513.6004698 205.29 17.301000000000002
2455513.6101922 205.097 17.308999999999997
2455513.6213035 204.858 16.947
2455513.6310259 204.064 16.966
2455513.6421371 204.112 17.104
2455513.6518595 204.04 16.317999999999998
2455513.6629708 203.35 15.286000000000001
2455513.6726919 202.478 15.448
2455513.6838032 202.072 15.826
2455513.6935256 201.18 15.140999999999998
2455513.7046368 200.303 14.609000000000002
2455513.7143546 199.457 13.962
2455513.7254705 198.512 12.959
2455513.7351918 199.028 12.791
2455513.746303 199.598 12.107
2455513.7560254 200.145 12.591000000000001
2455513.7671366 200.305 11.902999999999999
2455513.776859 200.616 10.888000000000002
2455513.7879702 201.135 9.524000000000001
2455513.7976915 201.151 10.088999999999999
2455513.8088027 201.483 9.479
2455513.8185251 201.418 8.213000000000001
2455513.8296364 200.355 7.8580000000000005
2455513.8393542 199.466 8.3
2455513.85047 199.166 8.486999999999998
2455513.8601912 199.28 8.341999999999999
2455513.8713025 199.963 7.759
2455513.8810248 199.289 8.197
2455513.8921361 198.208 8.323
2455513.9018585 197.912 8.306999999999999
2455513.9129698 197.945 8.107
2455513.9226909 198.088 8.218
2455513.9338022 198.052 8.86
2455513.9435247 198.064 8.501000000000001
2455513.9546358 197.945 8.043
2455513.9643536 197.84 9.133
2455513.9754695 197.325 9.701
2455513.9851918 197.051 10.125
2455513.996302 196.859 10.585999999999999
2455514.0060244 197.074 10.579
2455514.0171357 197.228 10.390999999999998
2455514.0268579 197.349 10.79
2455514.0379693 197.323 11.181999999999999
2455514.0476917 196.812 11.826
2455514.0588017 196.791 12.109000000000002
2455514.0685241 196.407 12.235
2455514.0796354 0.0 0.0
2455514.0893531 196.875 14.521999999999998
2455514.1039413 0.0 0.0
2455514.1136637 196.776 14.918
2455514.1247748 196.711 14.125
2455514.1344973 196.087 13.817
2455514.1456086 196.137 13.364
2455514.155331 196.493 13.114
2455514.166441 196.884 12.328
2455514.1761634 197.257 12.369
2455514.1872747 197.127 11.968
2455514.196997 197.781 11.652000000000001
2455514.2081083 197.03 11.331
2455514.2178261 0.0 0.0
2455514.2289409 194.184 12.82
2455514.2386631 192.748 13.693999999999999
2455514.2497744 191.835 14.447
2455514.2594968 192.103 14.349
2455514.270608 192.212 14.532
2455514.2803304 192.443 13.96
2455514.2914417 193.167 13.562000000000001
2455514.3011628 193.348 14.193999999999999
2455514.3122741 194.279 14.035
2455514.3219965 195.311 13.835999999999999
2455514.3331078 196.145 13.415
2455514.3428255 196.399 13.018
2455514.3539414 197.074 13.149000000000001
2455514.3636627 198.036 12.843
2455514.3747738 198.33 12.844999999999999
2455514.3844963 198.445 13.126000000000001
2455514.3956076 199.03 13.546
2455514.4053298 200.04 13.074000000000002
2455514.4164412 200.219 12.325
2455514.4261624 200.262 11.786000000000001
2455514.4372737 199.995 12.120000000000001
2455514.446996 200.221 12.575
2455514.4581073 200.053 13.193000000000001
2455514.467825 199.198 14.16
2455514.4789409 199.105 14.302
2455514.4886621 199.798 13.975999999999999
2455514.4997734 0.0 0.0
2455514.5094958 199.31 14.765999999999998
2455514.520607 198.99 14.709
2455514.5303294 199.238 14.338000000000001
2455514.5414407 200.139 14.212
2455514.5511618 200.832 14.559999999999999
2455514.5622731 200.285 15.283999999999999
2455514.5719955 199.341 15.823999999999998
2455514.5831067 198.407 16.677
2455514.5928245 197.874 17.301000000000002
2455514.6039404 196.919 17.365000000000002
2455514.6136628 196.104 17.753
2455514.6247728 196.286 17.503999999999998
2455514.6344953 196.323 17.060000000000002
2455514.6456066 197.084 16.133
2455514.6553288 197.797 15.465
2455514.6664402 198.213 15.213999999999999
2455514.6761625 198.855 15.676000000000002
2455514.6872726 199.235 15.942999999999998
2455514.696995 199.896 16.192999999999998
2455514.7081063 199.824 15.603000000000002
2455514.717824 199.878 15.567999999999998
2455514.7324133 0.0 0.0
2455514.7421357 199.176 17.401
2455514.753247 198.97 18.107
2455514.7629693 199.05 18.147
2455514.7740806 199.207 17.186999999999998
2455514.783803 198.992 17.089
2455514.794913 199.354 17.194000000000003
2455514.8046354 198.921 17.92
2455514.8157467 198.308 18.817
2455514.8254691 198.763 19.328
2455514.8365803 198.86 19.117
2455514.8462981 198.879 19.093
2455514.8574129 199.706 18.807000000000002
2455514.8671352 199.612 18.721
2455514.8782464 199.327 19.792
2455514.8879688 199.589 20.221
2455514.8990801 200.475 19.85
2455514.9088024 201.746 19.279
2455514.9199137 202.635 18.655
2455514.929635 203.638 17.619999999999997
2455514.9407462 204.131 18.067
2455514.9504686 204.249 18.57
2455514.96158 204.723 18.627000000000002
2455514.9712975 0.0 0.0
2455514.9824135 205.835 18.664
2455514.9921347 206.228 19.051000000000002
2455515.003246 206.919 18.836
2455515.0129683 208.001 18.712
2455515.0240796 208.085 18.008
2455515.033802 206.715 17.076
2455515.0449132 206.241 16.655
2455515.0546344 205.605 15.999000000000002
2455515.0657457 205.152 15.625999999999998
2455515.0754681 205.243 15.166
2455515.0865793 204.717 13.459
2455515.0962971 204.145 13.161000000000001
2455515.107413 202.372 12.638000000000002
2455515.1171342 201.085 13.350999999999999
2455515.1282454 199.167 13.381
2455515.1379678 197.408 14.279
2455515.149079 196.248 13.858
2455515.1588014 195.375 13.57
2455515.1699127 194.687 13.065000000000001
2455515.1796338 195.101 12.692
2455515.1907452 195.341 11.971
2455515.2004676 195.553 12.129000000000001
2455515.2115789 196.195 11.260000000000002
2455515.2212965 196.345 11.606000000000002
2455515.2324125 197.042 11.116
2455515.2421348 197.26 10.670000000000002
2455515.2532449 198.077 9.718
2455515.2629673 198.371 10.347000000000001
2455515.2740786 198.368 10.439
2455515.2838009 198.408 10.199000000000002
2455515.2949122 199.254 10.463999999999999
2455515.3046346 200.168 11.344000000000001
2455515.3157447 201.239 11.456
2455515.325467 202.891 11.201
2455515.3365783 204.093 10.591999999999999
2455515.3462961 205.144 10.821000000000002
2455515.3608842 206.493 10.129000000000001
2455515.3706066 206.882 9.988
2455515.3817179 207.275 10.349
2455515.3914402 207.298 10.533999999999999
2455515.4025515 208.135 10.158000000000001
2455515.4122739 208.916 9.478000000000002
2455515.4233839 208.953 9.420000000000002
2455515.4331063 209.02 10.454999999999998
2455515.4442176 207.961 11.828
2455515.45394 208.143 13.227
2455515.4650512 208.333 13.748000000000001
2455515.4747689 208.981 14.855
2455515.4858837 208.726 16.032
2455515.495606 208.244 17.307000000000002
2455515.5067173 207.99 17.667
2455515.5164397 206.892 18.092
2455515.527551 206.171 17.535
2455515.5372733 205.07 17.575
2455515.5483846 203.163 17.391
2455515.5581058 201.885 18.25
2455515.5692171 200.998 18.375
2455515.5789394 200.391 17.432000000000002
2455515.5900507 200.619 18.692
2455515.5997684 200.424 18.448
2455515.6108843 200.762 19.496000000000002
2455515.6206057 200.6 19.47
2455515.631717 200.807 18.34
2455515.6414393 199.816 17.994999999999997
2455515.6525505 199.822 17.352
2455515.6622729 199.586 16.738
2455515.6733841 199.016 16.078
2455515.6831053 199.058 16.182000000000002
2455515.6942166 198.616 16.180999999999997
2455515.703939 198.481 15.786999999999999
2455515.7150502 198.141 15.689
2455515.7247679 198.099 16.162
2455515.7358839 198.059 16.334
2455515.7456051 198.224 15.978000000000002
2455515.7567163 199.143 15.237000000000002
2455515.7664387 199.856 14.628
2455515.7775499 200.634 14.43
2455515.7872723 201.428 14.213999999999999
2455515.7983836 202.715 13.61
2455515.8081048 202.832 13.95
2455515.8192161 203.061 14.068999999999999
2455515.8289384 203.174 13.376000000000001
2455515.8400497 204.025 12.530999999999999
2455515.8497674 204.765 12.479
2455515.8608833 205.474 11.642
2455515.8706057 205.786 10.924
2455515.8817158 206.586 9.864
2455515.8914382 206.831 10.515
2455515.9025495 206.76 9.507000000000001
2455515.9122719 207.179 9.244
2455515.9233831 207.784 8.829999999999998
2455515.9331055 207.975 9.030000000000001
2455515.9442156 208.233 8.718
2455515.9539379 207.95 9.427
2455515.9650492 207.38 9.538
2455515.974767 206.97 10.658000000000001
2455515.9893562 0.0 0.0
2455515.9990786 0.0 0.0
2455516.0101899 0.0 0.0
2455516.0199122 0.0 0.0
2455516.0310235 203.453 13.681999999999999
2455516.0407459 202.919 15.447
2455516.0518561 202.386 16.482
2455516.0615783 201.485 16.875
2455516.0726896 200.318 17.512999999999998
2455516.0824121 199.337 18.391
2455516.0935232 198.912 18.477
2455516.103241 198.23 18.155
2455516.1143558 197.54 18.162
2455516.1240781 197.269 17.881
2455516.1351894 197.305 17.933999999999997
2455516.1449118 197.286 18.054000000000002
2455516.156023 197.941 18.189999999999998
2455516.1657454 197.971 18.731
2455516.1768567 197.511 19.425
2455516.1865779 196.272 20.104
2455516.1976891 196.14 20.227
2455516.2074115 195.157 20.341
2455516.2185228 193.96 20.496000000000002
2455516.2282406 193.89 19.884999999999998
2455516.2393564 193.278 19.776
2455516.2490776 193.083 19.933999999999997
2455516.2601888 192.909 19.153
2455516.2699112 193.105 19.247999999999998
2455516.2810225 193.848 18.637999999999998
2455516.2907449 194.045 18.675
2455516.3018561 193.812 18.176000000000002
2455516.3115774 193.795 18.233
2455516.3226886 192.249 18.057000000000002
2455516.332411 191.249 18.274
2455516.3435222 190.909 17.814999999999998
2455516.35324 190.858 17.212
2455516.3643558 191.591 16.375999999999998
2455516.3740771 192.127 15.932000000000002
2455516.3851885 192.638 15.271
2455516.3949108 192.665 14.859000000000002
2455516.4060219 192.66 14.54
2455516.4157443 193.045 14.04
2455516.4268557 193.269 11.582
2455516.4365769 193.909 14.629999999999999
2455516.4476881 194.833 14.437000000000001
2455516.4574105 195.135 15.265
2455516.4685218 194.283 15.383
2455516.4782394 193.737 15.951999999999998
2455516.4893554 193.781 16.663
2455516.4990777 193.995 17.053
2455516.5101878 194.615 17.766
2455516.5199102 194.94 17.508
2455516.5310215 195.142 17.441000000000003
2455516.5407438 195.818 17.252000000000002
2455516.5518551 196.086 16.898
2455516.5615774 196.854 17.075
2455516.5726875 196.953 16.661
2455516.5824099 196.887 17.239
2455516.5935212 196.328 16.884
2455516.603239 196.891 17.247
2455516.6178271 197.336 17.161
2455516.6275494 197.998 16.598
2455516.6386607 197.308 16.171
2455516.648383 197.259 16.408
2455516.6594943 197.292 16.39
2455516.6692167 197.268 16.103
2455516.6803268 0.0 0.0
2455516.6900491 197.249 15.484000000000002
2455516.7011605 197.776 15.243000000000002
2455516.7108827 197.917 15.203
2455516.721994 198.215 14.539000000000001
2455516.7317118 199.166 14.071000000000002
2455516.7428266 198.997 13.66
2455516.7525488 199.391 13.632000000000001
2455516.7636602 199.898 13.963000000000001
2455516.7733826 199.144 14.876999999999999
2455516.7844937 198.232 15.622
2455516.7942162 198.07 16.391
2455516.8053275 197.827 17.514
2455516.8150486 197.351 18.381999999999998
2455516.8261599 197.367 18.91
2455516.8358823 197.383 19.673000000000002
2455516.8469935 197.18 20.966
2455516.8567112 197.427 20.82
2455516.8678271 197.977 21.234
2455516.8775484 197.993 21.311
2455516.8886596 197.33 21.874000000000002
2455516.898382 197.001 23.233
2455516.9094933 196.387 23.205
2455516.9192156 196.166 22.441000000000003
2455516.9303268 197.046 21.384
2455516.9400481 198.106 20.217
2455516.9511594 198.966 18.903
2455516.9608817 199.44 18.391
2455516.971993 200.434 17.862000000000002
2455516.9817108 200.553 18.314
2455516.9928266 200.358 18.844
2455517.0025478 200.409 19.519
2455517.0136591 200.269 19.588
2455517.0233814 200.024 20.012999999999998
2455517.0344927 199.365 20.604
2455517.0442151 199.094 19.977
2455517.0553264 198.504 18.989
2455517.0650475 198.884 18.737000000000002
2455517.0761588 197.88 18.936
2455517.0858813 197.299 18.976
2455517.0969924 197.088 19.044
2455517.1067101 196.302 19.642
2455517.1178261 195.393 19.475
2455517.1275484 195.088 19.585
2455517.1386585 195.12 19.066000000000003
2455517.1483809 195.33 18.384
2455517.1594922 195.093 18.174
2455517.1692145 195.905 17.826999999999998
2455517.1803258 196.098 16.395
2455517.1900482 197.014 15.826
2455517.2011582 197.726 15.064999999999998
2455517.2108806 198.094 14.286000000000001
2455517.221992 197.808 13.439
2455517.2317096 197.853 14.109000000000002
2455517.2486046 0.0 0.0
2455517.2694383 0.0 0.0
2455517.290272 0.0 0.0
2455517.3111055 0.0 0.0
2455517.3319381 0.0 0.0
2455517.3527718 0.0 0.0
2455517.3736053 0.0 0.0
2455517.3944378 0.0 0.0
2455517.4152714 0.0 0.0
2455517.4361051 0.0 0.0
2455517.4569375 0.0 0.0
2455517.4777711 0.0 0.0
2455517.4986048 0.0 0.0
2455517.5194372 200.172 8.946000000000002
2455517.5402709 198.478 11.824000000000002
2455517.5611045 197.485 13.543
2455517.5819369 197.434 13.824
2455517.6027707 198.557 12.757000000000001
2455517.6236042 199.116 12.2
2455517.6444367 199.526 11.59
2455517.6652704 200.233 11.648
2455517.686104 202.131 11.417000000000002
2455517.7069365 203.292 11.494
2455517.7277701 202.419 12.361999999999998
2455517.7486037 201.702 13.025
2455517.7694363 201.265 12.311
2455517.7902699 200.079 12.558
2455517.8111036 198.94 12.678999999999998
2455517.831936 199.278 11.948
2455517.8527696 199.945 10.460999999999999
2455517.8770756 0.0 0.0
2455517.8979092 202.109 7.463000000000001
2455517.9187428 203.086 5.824000000000002
2455517.9395765 203.862 4.654
2455517.960409 204.87 4.352
2455517.9812426 205.742 5.484000000000002
2455518.0020762 206.21 6.396000000000001
2455518.0229087 206.013 7.401
2455518.0437424 205.01 8.442
2455518.064576 203.816 10.161000000000001
2455518.0854085 202.015 11.568999999999999
2455518.1062421 201.005 12.527999999999999
2455518.1270757 201.67 13.383
2455518.1479083 201.825 14.396
2455518.1687419 200.845 14.712
2455518.1895755 199.104 15.611
2455518.210408 198.022 16.831
2455518.2312416 195.434 19.743000000000002
2455518.2520753 194.349 21.086
2455518.2729077 194.346 21.326
2455518.2937413 193.298 21.865000000000002
2455518.3145749 192.104 22.707
2455518.3354073 191.231 23.407
2455518.3562408 190.396 24.464
2455518.3770745 190.079 24.112000000000002
2455518.3979069 190.219 24.363
2455518.4187406 190.374 23.942999999999998
2455518.4395742 190.214 23.820999999999998
2455518.4604066 191.427 22.737000000000002
2455518.4812404 193.205 21.785
