2455494.5095779 -99 -99.
2455494.5304115 -99 -99.
2455494.5512441 -99 -99.
2455494.5720778 207.528 0.347999999999999
2455494.5929114 207.642 0.8200000000000003
2455494.6137439 -99 -99.
2455494.6345776 209.205 1.641
2455494.6554112 -99 -99.
2455494.6762448 -99 -99.
2455494.6970775 -99 -99.
2455494.7179112 -99 -99.
2455494.7387446 -99 -99.
2455494.7595772 -99 -99.
2455494.7804109 -99 -99.
2455494.8012445 -99 -99.
2455494.822077 -99 -99.
2455494.8429107 -99 -99.
2455495.2005482 -99 -99.
2455495.2213818 -99 -99.
2455495.2422155 -99 -99.
2455495.2630479 -99 -99.
2455495.2838816 -99 -99.
2455495.3047152 -99 -99.
2455495.3255489 -99 -99.
2455495.3463814 -99 -99.
2455495.3672151 -99 -99.
2455495.3880487 203.131 0.3550000000000004
2455495.4088813 203.253 2.1359999999999992
2455495.4297149 201.432 1.811
2455495.4505486 200.404 2.4459999999999997
2455495.4713821 199.518 3.460000000000001
2455495.4922148 199.379 3.9369999999999994
2455495.5130484 -99 -99.
2455495.5338819 200.417 4.474
2455495.5547147 200.866 4.647
2455495.5755484 198.134 3.817
2455495.5963821 195.965 2.3160000000000007
2455495.6172144 197.044 2.5700000000000003
2455495.638048 197.77 3.3789999999999996
2455495.6588817 197.926 3.5950000000000006
2455495.6797152 197.954 5.438000000000001
2455495.700548 198.13 4.523999999999999
2455495.7213816 199.635 4.9510000000000005
2455495.7422151 200.031 6.670999999999999
2455495.7630477 199.119 7.225
2455495.7838814 199.121 6.525
2455495.804715 200.787 6.618
2455495.8255474 201.473 7.194000000000001
2455495.8463811 202.95 6.577
2455496.1554079 -99 -99.
2455496.1762416 198.224 5.644
2455496.1970752 198.181 5.705
2455496.2179079 199.244 6.659000000000001
2455496.2387415 200.047 6.558
2455496.2595752 200.079 5.6690000000000005
2455496.2804086 -99 -99.
2455496.3012412 198.765 3.4979999999999993
2455496.3220748 198.492 3.053000000000001
2455496.3429086 196.832 0.8039999999999985
2455496.363741 197.741 0.021000000000000796
2455496.3845747 -99 -99.
2455496.4054083 -99 -99.
2455496.426242 201.003 1.8160000000000007
2455496.4470745 202.081 3.6270000000000007
2455496.4679081 -99 -99.
2455496.4887417 203.67 4.598000000000001
2455496.5095742 -99 -99.
2455496.530408 200.023 3.1999999999999993
2455496.5512415 199.975 1.7260000000000009
2455496.5720741 199.204 1.6720000000000006
2455496.5929077 199.272 2.7560000000000002
2455496.6137414 200.296 1.686
2455496.634575 201.505 0.8369999999999997
2455496.6554077 -99 -99.
2455496.6762413 -99 -99.
2455496.6970748 -99 -99.
2455496.7179074 -99 -99.
2455496.7387411 -99 -99.
2455496.7595747 -99 -99.
2455496.7804073 -99 -99.
2455496.8012409 -99 -99.
2455497.5096954 -99 -99.
2455497.5513614 202.037 24.997
2455497.5930275 204.09 24.828
2455497.6346937 203.598 24.445
2455497.6763598 201.237 23.688000000000002
2455497.7180249 199.444 22.645
2455497.726871 200.661 22.974
2455497.7707352 199.568 23.648
2455497.8124014 217.423 18.105
2455497.8540687 198.019 27.014
2455497.8957349 201.145 23.542
2455497.9374022 198.712 24.436
2455497.9790684 -99 -99.
2455498.0513611 193.095 26.905
2455498.0930272 189.995 27.704
2455498.1346933 188.031 25.404
2455498.1763595 191.148 25.65
2455498.2180255 193.381 23.028
2455498.2596906 198.24 24.525
2455498.3013568 202.129 24.647
2455498.3430229 201.496 25.469
2455498.3846892 200.414 24.422
2455498.4680214 196.347 23.945999999999998
2455498.5096864 196.189 22.816000000000003
2455498.5513526 196.057 21.94
2455498.5930187 197.046 21.628
2455498.634685 198.105 18.748
2455498.676351 195.067 12.858
2455498.7180172 192.643 8.521999999999998
2455498.7268701 193.274 8.776
2455498.7707343 202.841 20.581
2455498.8124005 202.261 18.896
2455498.8540679 230.183 21.808
2455498.8957341 204.402 11.166
2455498.9374014 193.971 13.698
2455498.9790675 202.552 23.180999999999997
2455499.0513603 -99 -99.
2455499.0930263 -99 -99.
2455499.1346925 -99 -99.
2455499.1763587 -99 -99.
2455499.2180247 -99 -99.
2455499.2596898 -99 -99.
2455499.3013559 -99 -99.
2455499.3430221 -99 -99.
2455499.3846882 -99 -99.
2455499.4680206 -99 -99.
2455499.5096856 198.205 31.794
2455499.5513517 199.515 28.409
2455499.593018 199.604 26.560000000000002
2455499.6346841 202.658 25.701
2455499.6763502 204.721 24.747999999999998
2455499.7180164 202.204 21.209
2455499.7268693 199.273 24.243000000000002
2455499.7707336 -99 -99.
2455499.8123998 199.814 21.032
2455499.8540671 201.192 21.765
2455499.8957333 198.669 22.113
2455499.9374006 204.281 19.851
2455499.9790666 203.7 21.575
2455500.0513595 -99 -99.
2455500.0930256 197.209 27.387999999999998
2455500.1346917 195.109 25.695999999999998
2455500.1763578 194.243 25.438000000000002
2455500.218024 195.385 26.798000000000002
2455500.259689 197.119 28.75
2455500.3013551 198.942 28.944000000000003
2455500.3430213 199.928 25.451
2455500.3846874 201.062 23.826999999999998
2455500.4680199 203.256 25.811
2455500.5096847 203.299 23.913
2455500.5513509 206.527 23.384999999999998
2455500.593017 209.347 23.698
2455500.6346833 207.096 22.867
2455500.6763493 202.951 20.596
2455500.7180155 198.578 16.984
2455500.7268674 197.815 15.934000000000001
2455500.7707316 202.597 17.762
2455500.8123978 201.952 17.982
2455500.8540651 200.798 20.812
2455500.8957312 200.932 19.73
2455500.9373985 200.069 22.114
2455500.9790647 197.619 17.349
2455501.0513576 -99 -99.
2455501.0930236 191.769 16.473
2455501.1346897 191.681 16.798
2455501.1763559 194.076 20.859
2455501.2180219 195.353 24.433999999999997
2455501.2596871 195.872 24.971
2455501.3013533 198.605 27.837
2455501.3430193 201.553 27.78
2455501.3846855 202.394 28.775
2455501.4680178 206.172 29.436999999999998
2455501.5096828 207.966 30.884
2455501.5513489 203.887 26.958
2455501.5930151 201.958 25.778
2455501.6346814 -99 -99.
2455501.6763474 201.037 25.718
2455501.7180135 203.775 24.894
2455501.7268665 203.979 23.914
2455501.7707307 205.03 15.133
2455501.812397 201.657 20.078
2455501.8540643 200.866 20.901
2455501.8957303 204.256 14.988
2455501.9373976 201.718 17.193
2455501.9790639 193.821 23.921
2455502.0513566 -99 -99.
2455502.0930227 210.884 12.011
2455502.1346889 211.467 10.568999999999999
2455502.176355 213.05 12.969000000000001
2455502.2180211 215.128 15.629999999999999
2455502.2596861 213.276 16.504
2455502.3013522 211.508 19.894
2455502.3430184 208.521 21.629
2455502.3846845 204.127 20.72
2455502.4263507 202.388 19.527
2455502.4680168 197.936 16.834
2455502.5096818 197.368 17.548
2455502.551348 203.248 20.741
2455502.5930141 207.486 22.673000000000002
2455502.6346803 206.937 21.957
2455502.6763463 207.132 22.734
2455502.7180124 207.023 23.029
2455502.7268655 207.017 23.247999999999998
2455502.7707298 205.327 18.924
2455502.812396 200.825 22.252000000000002
2455502.8540633 208.772 16.978
2455502.8957294 199.032 21.112
2455502.9373968 204.923 21.885
2455502.9790629 205.029 19.116
2455503.3013548 -99 -99.
2455503.3430208 204.711 17.601
2455503.384687 207.944 17.346
2455503.4263531 206.694 18.507
2455503.4680191 203.782 15.530000000000001
2455503.5096843 -99 -99.
2455503.5513504 199.651 11.728000000000002
2455503.5930166 199.526 11.940000000000001
2455503.6346827 -99 -99.
2455503.6763488 200.668 14.751999999999999
2455503.7180149 201.468 17.953
2455503.7268645 201.043 18.056
2455503.7707287 198.091 24.152
2455503.812395 -99 -99.
2455503.8540623 201.128 18.07
2455503.8957283 203.04 15.753
2455503.9373956 206.754 14.876000000000001
2455503.9790619 202.067 16.782
2455504.3360915 -99 -99.
2455504.4194249 -99 -99.
2455505.6266225 207.181 9.312999999999999
2455505.6474559 208.855 9.821000000000002
2455505.6682897 210.892 10.146999999999998
2455505.6891233 212.933 9.943999999999999
2455505.7099558 215.161 8.364
2455505.7307894 216.787 9.681999999999999
2455505.7516231 69.858 7.981999999999999
2455505.7724555 214.83 7.739999999999998
2455505.7932891 213.056 5.719000000000001
2455505.8141228 -99 -99.
2455505.8349564 212.301 3.596
2455505.855789 210.06 2.3009999999999984
2455505.8766226 207.266 1.5210000000000008
2455505.8974562 206.153 0.03500000000000014
2455505.9182887 -99 -99.
2455505.9391222 -99 -99.
2455505.9599559 -99 -99.
2455505.9807896 194.147 0.036999999999999034
2455506.001622 -99 -99.
2455506.0224557 -99 -99.
2455506.0432893 -99 -99.
2455506.0641218 -99 -99.
2455506.0849553 -99 -99.
2455506.105789 -99 -99.
2455506.1266226 -99 -99.
2455506.1474552 -99 -99.
2455506.1682888 -99 -99.
2455506.1891225 -99 -99.
2455506.2099561 -99 -99.
2455506.2307887 -99 -99.
2455506.2516223 -99 -99.
2455506.2724559 195.705 0.20899999999999963
2455506.2932883 195.086 0.7100000000000009
2455506.3141219 194.876 1.783999999999999
2455506.3349556 196.188 1.7749999999999986
2455506.3557892 196.489 0.2289999999999992
2455506.3766219 196.965 2.122
2455506.3974555 195.78 4.797000000000001
2455506.4182892 195.801 6.07
2455506.4391216 195.364 7.291
2455506.4599554 196.96 6.146000000000001
2455506.480789 199.709 4.167000000000002
2455506.5016225 -99 -99.
2455506.522455 -99 -99.
2455506.5432886 199.73 1.939
2455506.5641223 -99 -99.
2455506.5849547 -99 -99.
2455506.6057884 -99 -99.
2455506.626622 -99 -99.
2455506.6474556 -99 -99.
2455506.6682881 -99 -99.
2455506.6891217 -99 -99.
2455506.7099554 -99 -99.
2455506.7307879 -99 -99.
2455506.7516215 -99 -99.
2455506.7724551 -99 -99.
2455506.7932889 -99 -99.
2455506.8141213 -99 -99.
2455506.8349549 -99 -99.
2455506.8557886 -99 -99.
2455506.876621 -99 -99.
2455506.8974547 -99 -99.
2455506.9182883 -99 -99.
2455506.939122 -99 -99.
2455506.9599544 -99 -99.
2455506.9807882 -99 -99.
2455507.0016218 -99 -99.
2455507.0224542 -99 -99.
2455507.0432879 -99 -99.
2455507.0641215 -99 -99.
2455507.0849552 -99 -99.
2455507.1907528 -99 -99.
2455507.2004753 -99 -99.
2455507.2115866 -99 -99.
2455507.2213089 -99 -99.
2455507.2324201 -99 -99.
2455507.2421426 -99 -99.
2455507.2532527 -99 -99.
2455507.262975 -99 -99.
2455507.2740862 -99 -99.
2455507.2838087 -99 -99.
2455507.2949199 -99 -99.
2455507.3046377 -99 -99.
2455507.3157525 -99 -99.
2455507.3254749 -99 -99.
2455507.3365861 -99 -99.
2455507.3463085 -99 -99.
2455507.3574198 -99 -99.
2455507.3671422 -99 -99.
2455507.3782533 -99 -99.
2455507.3879747 -99 -99.
2455507.3990858 -99 -99.
2455507.4088081 -99 -99.
2455507.4199194 -99 -99.
2455507.4296372 -99 -99.
2455507.4407533 -99 -99.
2455507.4504745 -99 -99.
2455507.4615857 -99 -99.
2455507.4713081 -99 -99.
2455507.4824193 -99 -99.
2455507.4921416 -99 -99.
2455507.503253 203.169 4.494999999999999
2455507.5129742 198.137 6.019
2455507.5240855 199.228 4.208
2455507.5338078 200.376 2.678000000000001
2455507.5449191 201.166 1.3190000000000008
2455507.5546369 201.213 0.8960000000000008
2455507.5657527 -99 -99.
2455507.5754739 -99 -99.
2455507.5865853 -99 -99.
2455507.5963076 -99 -99.
2455507.6074187 -99 -99.
2455507.6171411 -99 -99.
2455507.6282526 -99 -99.
2455507.6379737 -99 -99.
2455507.649085 -99 -99.
2455507.6588073 -99 -99.
2455507.6699186 -99 -99.
2455507.6796363 -99 -99.
2455507.6907523 -99 -99.
2455507.7004747 -99 -99.
2455507.7115847 -99 -99.
2455507.7213071 -99 -99.
2455507.7324184 -99 -99.
2455507.7421408 -99 -99.
2455507.753252 -99 -99.
2455507.7629744 -99 -99.
2455507.7740846 -99 -99.
2455507.7838068 192.51 0.6489999999999991
2455507.7949182 193.468 0.6460000000000008
2455507.8046359 194.043 1.5739999999999998
2455507.8192252 -99 -99.
2455507.8289476 -99 -99.
2455507.8400589 -99 -99.
2455507.8497813 -99 -99.
2455507.8608925 196.934 2.8640000000000008
2455507.8706149 196.626 4.013
2455507.881725 196.768 5.066000000000001
2455507.8914474 196.867 5.801
2455507.9025586 197.611 5.949999999999999
2455507.912281 198.609 5.385999999999999
2455507.9233923 199.942 4.802
2455507.93311 201.021 5.622999999999999
2455507.9442248 201.528 6.821
2455507.9539472 201.787 6.811
2455507.9650584 201.551 6.1259999999999994
2455507.9747808 200.965 6.596
2455507.985892 201.014 6.343
2455507.9956144 201.057 6.481
2455508.0067256 201.639 5.73
2455508.0164469 202.371 5.579000000000001
2455508.0275582 203.009 5.3629999999999995
2455508.0372806 202.781 4.986000000000001
2455508.0483918 203.006 3.4220000000000006
2455508.0581095 -99 -99.
2455508.0692255 204.374 2.321999999999999
2455508.0789467 204.077 4.050000000000001
2455508.0900579 204.241 3.612
2455508.0997803 203.915 4.292
2455508.1108916 203.555 3.615
2455508.1206139 203.443 3.4700000000000006
2455508.1317252 197.401 6.814
2455508.1414465 202.659 4.648
2455508.1525578 203.549 4.452
2455508.1622801 204.186 4.051
2455508.1733914 203.423 4.439
2455508.1831091 203.304 4.984
2455508.1942249 204.547 4.481
2455508.2039462 205.584 4.288
2455508.2150575 206.731 3.5169999999999995
2455508.2247799 207.239 3.2300000000000004
2455508.2358911 207.442 2.7360000000000007
2455508.2456135 207.791 2.154
2455508.2567248 208.581 1.4250000000000007
2455508.2664461 209.269 1.721
2455508.2775572 209.507 1.2349999999999994
2455508.2872796 210.395 1.0869999999999997
2455508.2983909 210.778 1.0899999999999999
2455508.3081086 210.309 2.25
2455508.3192245 210.257 2.5570000000000004
2455508.3289469 210.386 2.519
2455508.3400571 210.362 2.351000000000001
2455508.3497794 209.339 3.7840000000000007
2455508.3608907 208.995 4.798
2455508.3706131 208.989 5.561999999999999
2455508.3817243 208.559 4.801
2455508.3914466 207.996 5.271000000000001
2455508.4025568 207.146 6.086
2455508.4122792 206.494 6.864000000000001
2455508.4233904 205.268 7.704000000000001
2455508.4331082 204.888 7.795999999999999
2455508.4476964 203.819 7.573
2455508.4574187 203.134 7.1899999999999995
2455508.46853 203.288 6.2669999999999995
2455508.4782524 203.164 6.335000000000001
2455508.4893637 203.173 4.855
2455508.4990859 203.161 3.7929999999999993
2455508.5101961 -99 -99.
2455508.5199185 202.055 2.180999999999999
2455508.5310297 202.723 1.4169999999999998
2455508.5407521 201.942 1.6639999999999997
2455508.5518634 201.529 1.2249999999999996
2455508.5615812 201.005 1.2420000000000009
2455508.5726958 200.472 1.0380000000000003
2455508.5824183 200.06 1.4030000000000005
2455508.5935296 200.559 0.4380000000000006
2455508.6032519 200.968 0.359
2455508.6143631 200.977 0.4060000000000006
2455508.6240855 -99 -99.
2455508.6351969 -99 -99.
2455508.644918 -99 -99.
2455508.6560293 -99 -99.
2455508.6657517 -99 -99.
2455508.676863 -99 -99.
2455508.6865806 204.71 0.9049999999999994
2455508.6976966 203.541 2.215
2455508.7074178 202.505 3.9559999999999995
2455508.718529 201.507 4.212999999999999
2455508.7282514 201.515 4.978999999999999
2455508.7393627 200.981 5.436
2455508.7490851 201.316 6.089
2455508.7601963 201.347 6.7780000000000005
2455508.7699175 200.886 7.670999999999999
2455508.7810289 200.747 8.142
2455508.7907511 200.647 8.219999999999999
2455508.8018625 200.001 7.996
2455508.8115802 199.776 8.665
2455508.8226962 199.06 8.623999999999999
2455508.8324173 198.72 8.809000000000001
2455508.8435286 198.588 8.968
2455508.853251 199.667 9.245000000000001
2455508.8643623 199.871 8.288
2455508.8740846 200.738 7.593
2455508.8851959 201.568 5.9
2455508.8949171 200.962 6.444000000000001
2455508.9060285 200.309 7.087
2455508.9157507 200.15 7.558
2455508.9268621 199.872 7.718999999999999
2455508.9365798 200.121 8.324
2455508.9476956 200.715 8.649000000000001
2455508.957418 200.306 8.5
2455508.9685282 200.372 9.322
2455508.9782506 199.763 10.222999999999999
2455508.9893618 199.105 10.411
2455508.9990842 199.381 9.645
2455509.0101955 199.956 8.665
2455509.0199178 199.337 8.309000000000001
2455509.0310279 199.057 8.315000000000001
2455509.0407503 198.488 8.533999999999999
2455509.0518615 198.407 9.328
2455509.0615793 198.346 10.014
2455509.0761686 -99 -99.
2455509.0858911 197.158 10.638
2455509.0970022 196.661 9.475999999999999
2455509.1067246 196.607 9.312000000000001
2455509.1178359 197.133 8.652999999999999
2455509.1275583 197.635 7.183999999999999
2455509.1386684 197.76 6.667999999999999
2455509.1483908 197.419 7.138999999999999
2455509.1595021 197.375 7.121
2455509.1692244 196.865 7.496
2455509.1803357 196.265 6.705
2455509.1900534 -99 -99.
2455509.2011681 195.167 6.676
2455509.2108905 195.236 6.566000000000001
2455509.2220018 195.576 5.8580000000000005
2455509.2317242 196.118 5.380000000000001
2455509.2428354 196.214 4.138999999999999
2455509.2525578 196.16 3.391
2455509.2636691 196.439 2.1999999999999993
2455509.2733903 197.176 1.7720000000000002
2455509.2845015 197.399 1.8960000000000008
2455509.2942239 197.442 2.0060000000000002
2455509.3053352 197.375 2.7560000000000002
2455509.3150529 197.936 4.066000000000001
2455509.3261688 198.172 4.632
2455509.33589 198.421 4.484
2455509.3470014 198.161 4.993
2455509.3567236 198.182 5.314
2455509.367835 197.292 5.896000000000001
2455509.3775574 197.251 6.430999999999999
2455509.3886686 197.283 5.596
2455509.3983898 197.783 5.196
2455509.4095011 198.043 4.75
2455509.4192235 197.977 4.955
2455509.4303347 197.948 4.734
2455509.4400525 197.833 5.449999999999999
2455509.4511684 198.039 5.007
2455509.4608896 199.193 4.707000000000001
2455509.4720008 201.334 2.9090000000000007
2455509.4817232 203.023 3.1679999999999993
2455509.4928346 203.878 2.946999999999999
2455509.5025568 205.179 2.317
2455509.5136681 207.15 1.7309999999999999
2455509.5233894 208.403 2.1359999999999992
2455509.5345007 210.149 2.128
2455509.5442229 211.164 2.3409999999999993
2455509.5553343 211.562 1.8330000000000002
2455509.565052 212.129 2.9659999999999993
2455509.5761678 211.956 3.7509999999999994
2455509.5858903 211.224 4.7170000000000005
2455509.5970004 210.193 5.686
2455509.6067228 209.141 6.789999999999999
2455509.617834 207.508 7.348000000000001
2455509.6275564 206.383 7.537000000000001
2455509.6386677 206.27 7.7010000000000005
2455509.64839 207.1 7.553000000000001
2455509.6595002 208.035 6.563000000000001
2455509.6692225 208.117 6.132
2455509.6803338 207.36 6.292999999999999
2455509.6900515 206.561 6.686999999999999
2455509.7046397 -99 -99.
2455509.7143621 209.041 5.462
2455509.7254733 210.182 4.378
2455509.7351957 211.089 3.7669999999999995
2455509.746307 210.98 2.718
2455509.7560294 211.014 2.676
2455509.7671395 210.491 1.721
2455509.7768618 210.475 1.4090000000000007
2455509.7879731 209.928 1.8610000000000007
2455509.7976956 209.143 1.862
2455509.8088067 207.924 2.5220000000000002
2455509.8185245 -99 -99.
2455509.8296393 206.282 2.439
2455509.8393616 205.363 2.8680000000000003
2455509.8504729 203.377 3.4909999999999997
2455509.8601953 202.952 4.257
2455509.8713065 202.229 5.384
2455509.8810289 203.072 5.1899999999999995
2455509.8921402 204.332 4.084
2455509.9018614 205.193 4.128
2455509.9129726 205.897 4.1739999999999995
2455509.922695 205.947 4.647
2455509.9338063 205.818 4.958
2455509.9435241 205.818 5.605
2455509.9546399 205.165 5.811999999999999
2455509.9643612 204.845 5.974
2455509.9754724 204.005 6.254
2455509.9851947 203.969 6.577
2455509.996306 203.82 6.928000000000001
2455510.0060284 203.8 6.260999999999999
2455510.0171398 203.038 5.6690000000000005
2455510.0268609 202.597 5.731
2455510.0379722 202.052 5.16
2455510.0476946 201.888 4.5920000000000005
2455510.0588058 201.937 3.6159999999999997
2455510.0685235 202.152 3.4290000000000003
2455510.0796395 202.76 2.811
2455510.0893607 202.125 3.1799999999999997
2455510.1004719 201.524 3.3919999999999995
2455510.1101943 201.118 3.1609999999999996
2455510.1213056 200.9 2.747
2455510.131028 200.895 3.0269999999999992
2455510.1421392 201.438 1.8650000000000002
2455510.1518604 202.174 1.2309999999999999
2455510.1629718 203.723 0.19699999999999918
2455510.172694 -99 -99.
2455510.1838054 -99 -99.
2455510.1935231 -99 -99.
2455510.204639 -99 -99.
2455510.2143613 -99 -99.
2455510.2254715 -99 -99.
2455510.2351939 -99 -99.
2455510.2463051 -99 -99.
2455510.2560275 -99 -99.
2455510.2671388 -99 -99.
2455510.2768612 -99 -99.
2455510.2879712 -99 -99.
2455510.2976935 -99 -99.
2455510.3088049 -99 -99.
2455510.3185226 -99 -99.
2455510.3331119 -99 -99.
2455510.3428344 -99 -99.
2455510.3539455 -99 -99.
2455510.363668 -99 -99.
2455510.3747792 -99 -99.
2455510.3845016 -99 -99.
2455510.3956117 -99 -99.
2455510.4053341 199.93 1.1359999999999992
2455510.4164454 200.031 1.0150000000000006
2455510.4261678 200.157 0.6460000000000008
2455510.437279 200.52 0.23199999999999932
2455510.4469967 -99 -99.
2455510.4581117 -99 -99.
2455510.4678338 -99 -99.
2455510.4789452 -99 -99.
2455510.4886675 -99 -99.
2455510.4997788 -99 -99.
2455510.5095011 -99 -99.
2455510.5206124 -99 -99.
2455510.5303336 -99 -99.
2455510.541445 -99 -99.
2455510.5511672 -99 -99.
2455510.5622786 -99 -99.
2455510.5719963 -99 -99.
2455510.5831122 201.181 0.2789999999999999
2455510.5928334 201.245 0.23600000000000065
2455510.6039447 200.517 0.08799999999999919
2455510.613667 199.593 0.6059999999999999
2455510.6247783 198.445 1.1080000000000005
2455510.6345007 197.609 1.5909999999999993
2455510.645612 196.527 1.8260000000000005
2455510.6553331 195.286 2.8810000000000002
2455510.6664444 194.26 2.1639999999999997
2455510.6761668 193.127 2.4670000000000005
2455510.687278 192.259 1.6940000000000008
2455510.6969958 192.304 2.271000000000001
2455510.7081117 192.887 1.7070000000000007
2455510.717833 193.07 1.6760000000000002
2455510.7289442 193.401 1.17
2455510.7386665 194.271 0.891
2455510.7497778 194.112 1.4130000000000003
2455510.7595001 194.39 1.0280000000000005
2455510.7706114 194.27 0.48900000000000077
2455510.7803327 -99 -99.
2455510.791444 -99 -99.
2455510.8011663 -99 -99.
2455510.8122776 -99 -99.
2455510.8219954 -99 -99.
2455510.8331112 -99 -99.
2455510.8428336 -99 -99.
2455510.8539437 -99 -99.
2455510.8636661 -99 -99.
2455510.8747773 -99 -99.
2455510.8844997 -99 -99.
2455510.895611 199.759 0.12299999999999933
2455510.9053334 199.772 1.1150000000000002
2455510.9164434 200.012 0.9900000000000002
2455510.9261658 199.982 0.5429999999999993
2455510.9372771 200.038 0.2140000000000004
2455510.9469949 199.995 1.0579999999999998
2455510.961583 -99 -99.
2455510.9713054 200.353 1.0749999999999993
2455510.9824166 200.52 0.3160000000000007
2455510.992139 200.07 0.6379999999999999
2455511.0032503 198.803 1.173
2455511.0129727 198.231 1.4570000000000007
2455511.0240828 198.064 1.1159999999999997
2455511.0338051 198.059 1.3480000000000008
2455511.0449164 197.826 1.7110000000000003
2455511.0546387 197.697 1.9290000000000003
2455511.06575 197.499 0.7119999999999997
2455511.0754678 197.406 0.6679999999999993
2455511.0865826 -99 -99.
2455511.0963049 -99 -99.
2455511.1074162 -99 -99.
2455511.1171385 -99 -99.
2455511.1282498 -99 -99.
2455511.1379721 -99 -99.
2455511.1490834 -99 -99.
2455511.1588047 -99 -99.
2455511.1699159 -99 -99.
2455511.1796383 -99 -99.
2455511.1907496 -99 -99.
2455511.2004673 -99 -99.
2455511.2115832 -99 -99.
2455511.2213044 -99 -99.
2455511.2324157 -99 -99.
2455511.242138 -99 -99.
2455511.2532493 -99 -99.
2455511.2629717 -99 -99.
2455511.274083 -99 -99.
2455511.2838042 -99 -99.
2455511.2949154 -99 -99.
2455511.3046378 -99 -99.
2455511.315749 -99 -99.
2455511.3254668 -99 -99.
2455511.3365828 -99 -99.
2455511.3463039 -99 -99.
2455511.3574152 -99 -99.
2455511.3671376 -99 -99.
2455511.3782489 -99 -99.
2455511.3879712 -99 -99.
2455511.3990824 -99 -99.
2455511.4088037 -99 -99.
2455511.4199149 -99 -99.
2455511.4296373 -99 -99.
2455511.4407485 -99 -99.
2455511.4504664 -99 -99.
2455511.4615822 195.419 0.5530000000000008
2455511.4713046 194.643 0.6430000000000007
2455511.4824147 194.444 0.641
2455511.492137 194.587 0.7739999999999991
2455511.5032483 -99 -99.
2455511.5129707 -99 -99.
2455511.5240819 -99 -99.
2455511.5338043 -99 -99.
2455511.5449145 -99 -99.
2455511.5546368 -99 -99.
2455511.5657481 -99 -99.
2455511.5754658 -99 -99.
2455511.5900552 -99 -99.
2455511.5997775 -99 -99.
2455511.6108888 -99 -99.
2455511.6206112 -99 -99.
2455511.6317224 -99 -99.
2455511.6414448 -99 -99.
2455511.6525549 -99 -99.
2455511.6622773 -99 -99.
2455511.6733885 -99 -99.
2455511.6831109 -99 -99.
2455511.6942222 -99 -99.
2455511.7039399 -99 -99.
2455511.7150546 -99 -99.
2455511.724777 -99 -99.
2455511.7358884 -99 -99.
2455511.7456106 -99 -99.
2455511.756722 -99 -99.
2455511.7664443 -99 -99.
2455511.7775556 -99 -99.
2455511.7872768 -99 -99.
2455511.7983881 191.652 2.3900000000000006
2455511.8081105 191.726 1.92
2455511.8192217 191.823 0.8350000000000009
2455511.8289394 191.741 1.1210000000000004
2455511.8400554 191.804 0.375
2455511.8497765 -99 -99.
2455511.8608878 191.868 0.3960000000000008
2455511.8706102 192.043 0.46000000000000085
2455511.8817215 192.12 0.9510000000000005
2455511.8914438 192.961 1.0660000000000007
2455511.9025551 193.955 0.49099999999999966
2455511.9122764 194.889 0.6959999999999997
2455511.9233877 195.412 0.8469999999999995
2455511.9331099 195.34 1.6920000000000002
2455511.9442212 195.5 1.9100000000000001
2455511.953939 -99 -99.
2455511.9650548 195.243 1.2539999999999996
2455511.974776 195.168 1.3710000000000004
2455511.9858874 194.622 0.8469999999999995
2455511.9956098 194.512 0.34299999999999997
2455512.006721 -99 -99.
2455512.0164434 -99 -99.
2455512.0275547 -99 -99.
2455512.0372758 -99 -99.
2455512.0483871 -99 -99.
2455512.0581095 -99 -99.
2455512.0692207 -99 -99.
2455512.0789384 -99 -99.
2455512.0900544 -99 -99.
2455512.0997768 -99 -99.
2455512.1108868 -99 -99.
2455512.1206092 -99 -99.
2455512.1317205 -99 -99.
2455512.1414428 -99 -99.
2455512.1525541 -99 -99.
2455512.1622765 -99 -99.
2455512.1733865 -99 -99.
2455512.1831089 -99 -99.
2455512.1942203 -99 -99.
2455512.203938 -99 -99.
2455512.2185261 -99 -99.
2455512.2282485 -99 -99.
2455512.2393599 -99 -99.
2455512.2490821 -99 -99.
2455512.2601934 -99 -99.
2455512.2699158 -99 -99.
2455512.2810259 -99 -99.
2455512.2907482 -99 -99.
2455512.3018596 -99 -99.
2455512.311582 -99 -99.
2455512.3226931 -99 -99.
2455512.3324109 -99 -99.
2455512.3435257 -99 -99.
2455512.353248 -99 -99.
2455512.3643593 -99 -99.
2455512.3740817 -99 -99.
2455512.385193 -99 -99.
2455512.3949153 -99 -99.
2455512.4060266 -99 -99.
2455512.4157478 -99 -99.
2455512.426859 -99 -99.
2455512.4365814 -99 -99.
2455512.4476927 -99 -99.
2455512.4574105 -99 -99.
2455512.4685263 -99 -99.
2455512.4782475 -99 -99.
2455512.4893588 -99 -99.
2455512.4990811 199.875 0.5519999999999996
2455512.5101924 199.468 1.7880000000000003
2455512.5199148 199.041 2.6289999999999996
2455512.531026 198.85 2.369999999999999
2455512.5407473 199.041 3.045
2455512.5518586 199.977 2.5909999999999993
2455512.561581 200.963 2.067
2455512.5726922 201.553 1.8829999999999991
2455512.5824099 202.111 1.846
2455512.5935258 202.71 1.9920000000000009
2455512.603247 202.968 2.0429999999999993
2455512.6143583 202.948 2.4030000000000005
2455512.6240807 202.798 0.8940000000000001
2455512.635192 202.888 0.0909999999999993
2455512.6449143 -99 -99.
2455512.6560256 -99 -99.
2455512.6657468 -99 -99.
2455512.6768581 -99 -99.
2455512.6865804 -99 -99.
2455512.6976917 -99 -99.
2455512.7074095 -99 -99.
2455512.7185253 -99 -99.
2455512.7282477 -99 -99.
2455512.7393579 -99 -99.
2455512.7490801 201.221 0.2240000000000002
2455512.7601915 201.056 0.6349999999999998
2455512.7699138 200.512 1.1649999999999991
2455512.781025 200.757 1.6600000000000001
2455512.7907474 200.412 1.9830000000000005
2455512.8018576 199.351 2.6839999999999993
2455512.81158 199.231 2.987
2455512.8226911 198.724 3.4819999999999993
2455512.8324089 199.249 3.923
2455512.8469983 -99 -99.
2455512.8567206 199.096 4.071999999999999
2455512.8678319 198.212 4.1080000000000005
2455512.8775543 197.507 4.882
2455512.8886655 197.249 4.798
2455512.8983879 196.702 4.186
2455512.909498 197.256 3.321999999999999
2455512.9192204 197.36 3.106
2455512.9303316 197.362 2.7040000000000006
2455512.940054 197.204 2.6709999999999994
2455512.9511653 196.466 3.247
2455512.960883 196.068 4.257
2455512.9719977 195.331 4.2780000000000005
2455512.9817201 194.992 4.4830000000000005
2455512.9928315 194.184 4.318
2455513.0025537 193.295 4.871
2455513.013665 192.947 5.1129999999999995
2455513.0233875 191.855 4.753
2455513.0344986 191.861 5.893000000000001
2455513.0442199 191.371 6.629
2455513.0553312 191.216 6.606
2455513.0650535 191.799 6.2170000000000005
2455513.0761648 192.937 4.801
2455513.0858825 193.357 4.711
2455513.0969985 193.946 3.49
2455513.1067196 194.243 1.92
2455513.1178309 194.643 0.3049999999999997
2455513.1275533 195.053 0.4920000000000009
2455513.1386645 -99 -99.
2455513.1483869 -99 -99.
2455513.1594982 -99 -99.
2455513.1692194 -99 -99.
2455513.1803306 -99 -99.
2455513.190053 -99 -99.
2455513.2011643 -99 -99.
2455513.2108821 -99 -99.
2455513.2219979 -99 -99.
2455513.2317192 -99 -99.
2455513.2428303 -99 -99.
2455513.2525528 -99 -99.
2455513.2636641 -99 -99.
2455513.2733864 -99 -99.
2455513.2844977 -99 -99.
2455513.2942189 -99 -99.
2455513.3053302 -99 -99.
2455513.3150524 -99 -99.
2455513.3261638 -99 -99.
2455513.3358816 -99 -99.
2455513.3469975 -99 -99.
2455513.3567198 -99 -99.
2455513.3678299 -99 -99.
2455513.3775523 205.959 0.14499999999999957
2455513.3886636 206.062 0.15399999999999991
2455513.3983859 205.139 0.20599999999999952
2455513.4094972 -99 -99.
2455513.4192197 -99 -99.
2455513.4303296 -99 -99.
2455513.440052 -99 -99.
2455513.4511633 204.926 0.06799999999999962
2455513.460881 204.588 1.2149999999999999
2455513.4754704 203.014 2.2569999999999997
2455513.4851928 205.509 0.8279999999999994
2455513.4963039 203.051 2.1549999999999994
2455513.5060264 203.063 2.542
2455513.5171378 203.212 3.189
2455513.5268599 204.007 2.803000000000001
2455513.5379701 204.8 2.4380000000000006
2455513.5476925 205.217 2.362
2455513.5588038 205.778 2.5920000000000005
2455513.5685261 206.062 2.4320000000000004
2455513.5796374 206.18 2.1370000000000005
2455513.5893552 -99 -99.
2455513.6004698 205.29 2.301
2455513.6101922 205.097 2.3089999999999993
2455513.6213035 204.858 1.9469999999999992
2455513.6310259 204.064 1.9659999999999993
2455513.6421371 204.112 2.103999999999999
2455513.6518595 204.04 1.3179999999999996
2455513.6629708 203.35 0.2859999999999996
2455513.6726919 202.478 0.4480000000000004
2455513.6838032 202.072 0.8260000000000005
2455513.6935256 201.18 0.14100000000000001
2455513.7046368 -99 -99.
2455513.7143546 -99 -99.
2455513.7254705 -99 -99.
2455513.7351918 -99 -99.
2455513.746303 -99 -99.
2455513.7560254 -99 -99.
2455513.7671366 -99 -99.
2455513.776859 -99 -99.
2455513.7879702 -99 -99.
2455513.7976915 -99 -99.
2455513.8088027 -99 -99.
2455513.8185251 -99 -99.
2455513.8296364 -99 -99.
2455513.8393542 -99 -99.
2455513.85047 -99 -99.
2455513.8601912 -99 -99.
2455513.8713025 -99 -99.
2455513.8810248 -99 -99.
2455513.8921361 -99 -99.
2455513.9018585 -99 -99.
2455513.9129698 -99 -99.
2455513.9226909 -99 -99.
2455513.9338022 -99 -99.
2455513.9435247 -99 -99.
2455513.9546358 -99 -99.
2455513.9643536 -99 -99.
2455513.9754695 -99 -99.
2455513.9851918 -99 -99.
2455513.996302 -99 -99.
2455514.0060244 -99 -99.
2455514.0171357 -99 -99.
2455514.0268579 -99 -99.
2455514.0379693 -99 -99.
2455514.0476917 -99 -99.
2455514.0588017 -99 -99.
2455514.0685241 -99 -99.
2455514.0796354 -99 -99.
2455514.0893531 -99 -99.
2455514.1039413 -99 -99.
2455514.1136637 -99 -99.
2455514.1247748 -99 -99.
2455514.1344973 -99 -99.
2455514.1456086 -99 -99.
2455514.155331 -99 -99.
2455514.166441 -99 -99.
2455514.1761634 -99 -99.
2455514.1872747 -99 -99.
2455514.196997 -99 -99.
2455514.2081083 -99 -99.
2455514.2178261 -99 -99.
2455514.2289409 -99 -99.
2455514.2386631 -99 -99.
2455514.2497744 -99 -99.
2455514.2594968 -99 -99.
2455514.270608 -99 -99.
2455514.2803304 -99 -99.
2455514.2914417 -99 -99.
2455514.3011628 -99 -99.
2455514.3122741 -99 -99.
2455514.3219965 -99 -99.
2455514.3331078 -99 -99.
2455514.3428255 -99 -99.
2455514.3539414 -99 -99.
2455514.3636627 -99 -99.
2455514.3747738 -99 -99.
2455514.3844963 -99 -99.
2455514.3956076 -99 -99.
2455514.4053298 -99 -99.
2455514.4164412 -99 -99.
2455514.4261624 -99 -99.
2455514.4372737 -99 -99.
2455514.446996 -99 -99.
2455514.4581073 -99 -99.
2455514.467825 -99 -99.
2455514.4789409 -99 -99.
2455514.4886621 -99 -99.
2455514.4997734 -99 -99.
2455514.5094958 -99 -99.
2455514.520607 -99 -99.
2455514.5303294 -99 -99.
2455514.5414407 -99 -99.
2455514.5511618 -99 -99.
2455514.5622731 200.285 0.2840000000000007
2455514.5719955 199.341 0.8239999999999998
2455514.5831067 198.407 1.6769999999999996
2455514.5928245 197.874 2.301
2455514.6039404 196.919 2.365
2455514.6136628 196.104 2.753
2455514.6247728 196.286 2.5039999999999996
2455514.6344953 196.323 2.0600000000000005
2455514.6456066 197.084 1.1329999999999991
2455514.6553288 197.797 0.46499999999999986
2455514.6664402 198.213 0.2140000000000004
2455514.6761625 198.855 0.6760000000000002
2455514.6872726 199.235 0.9429999999999996
2455514.696995 199.896 1.1929999999999996
2455514.7081063 199.824 0.6029999999999998
2455514.717824 199.878 0.5679999999999996
2455514.7324133 -99 -99.
2455514.7421357 199.176 2.401
2455514.753247 198.97 3.1069999999999993
2455514.7629693 199.05 3.1470000000000002
2455514.7740806 199.207 2.1869999999999994
2455514.783803 198.992 2.0890000000000004
2455514.794913 199.354 2.194000000000001
2455514.8046354 198.921 2.92
2455514.8157467 198.308 3.817
2455514.8254691 198.763 4.327999999999999
2455514.8365803 198.86 4.117000000000001
2455514.8462981 198.879 4.093
2455514.8574129 199.706 3.8070000000000004
2455514.8671352 199.612 3.721
2455514.8782464 199.327 4.792
2455514.8879688 199.589 5.221
2455514.8990801 200.475 4.85
2455514.9088024 201.746 4.279
2455514.9199137 202.635 3.6549999999999994
2455514.929635 203.638 2.619999999999999
2455514.9407462 204.131 3.067
2455514.9504686 204.249 3.5700000000000003
2455514.96158 204.723 3.6270000000000007
2455514.9712975 -99 -99.
2455514.9824135 205.835 3.6639999999999997
2455514.9921347 206.228 4.051
2455515.003246 206.919 3.8360000000000003
2455515.0129683 208.001 3.7119999999999997
2455515.0240796 208.085 3.007999999999999
2455515.033802 206.715 2.0760000000000005
2455515.0449132 206.241 1.6549999999999994
2455515.0546344 205.605 0.9990000000000006
2455515.0657457 205.152 0.6259999999999994
2455515.0754681 205.243 0.16600000000000037
2455515.0865793 -99 -99.
2455515.0962971 -99 -99.
2455515.107413 -99 -99.
2455515.1171342 -99 -99.
2455515.1282454 -99 -99.
2455515.1379678 -99 -99.
2455515.149079 -99 -99.
2455515.1588014 -99 -99.
2455515.1699127 -99 -99.
2455515.1796338 -99 -99.
2455515.1907452 -99 -99.
2455515.2004676 -99 -99.
2455515.2115789 -99 -99.
2455515.2212965 -99 -99.
2455515.2324125 -99 -99.
2455515.2421348 -99 -99.
2455515.2532449 -99 -99.
2455515.2629673 -99 -99.
2455515.2740786 -99 -99.
2455515.2838009 -99 -99.
2455515.2949122 -99 -99.
2455515.3046346 -99 -99.
2455515.3157447 -99 -99.
2455515.325467 -99 -99.
2455515.3365783 -99 -99.
2455515.3462961 -99 -99.
2455515.3608842 -99 -99.
2455515.3706066 -99 -99.
2455515.3817179 -99 -99.
2455515.3914402 -99 -99.
2455515.4025515 -99 -99.
2455515.4122739 -99 -99.
2455515.4233839 -99 -99.
2455515.4331063 -99 -99.
2455515.4442176 -99 -99.
2455515.45394 -99 -99.
2455515.4650512 -99 -99.
2455515.4747689 -99 -99.
2455515.4858837 208.726 1.032
2455515.495606 208.244 2.3070000000000004
2455515.5067173 207.99 2.667
2455515.5164397 206.892 3.0920000000000005
2455515.527551 206.171 2.535
2455515.5372733 205.07 2.5749999999999993
2455515.5483846 203.163 2.391
2455515.5581058 201.885 3.25
2455515.5692171 200.998 3.375
2455515.5789394 200.391 2.4320000000000004
2455515.5900507 200.619 3.692
2455515.5997684 200.424 3.4480000000000004
2455515.6108843 200.762 4.496
2455515.6206057 200.6 4.470000000000001
2455515.631717 200.807 3.34
2455515.6414393 199.816 2.994999999999999
2455515.6525505 199.822 2.3520000000000003
2455515.6622729 199.586 1.7379999999999995
2455515.6733841 199.016 1.0779999999999994
2455515.6831053 199.058 1.1820000000000004
2455515.6942166 198.616 1.1809999999999992
2455515.703939 198.481 0.7870000000000008
2455515.7150502 198.141 0.6890000000000001
2455515.7247679 198.099 1.1620000000000008
2455515.7358839 198.059 1.3339999999999996
2455515.7456051 198.224 0.9779999999999998
2455515.7567163 199.143 0.2370000000000001
2455515.7664387 -99 -99.
2455515.7775499 -99 -99.
2455515.7872723 -99 -99.
2455515.7983836 -99 -99.
2455515.8081048 -99 -99.
2455515.8192161 -99 -99.
2455515.8289384 -99 -99.
2455515.8400497 -99 -99.
2455515.8497674 -99 -99.
2455515.8608833 -99 -99.
2455515.8706057 -99 -99.
2455515.8817158 -99 -99.
2455515.8914382 -99 -99.
2455515.9025495 -99 -99.
2455515.9122719 -99 -99.
2455515.9233831 -99 -99.
2455515.9331055 -99 -99.
2455515.9442156 -99 -99.
2455515.9539379 -99 -99.
2455515.9650492 -99 -99.
2455515.974767 -99 -99.
2455515.9893562 -99 -99.
2455515.9990786 -99 -99.
2455516.0101899 -99 -99.
2455516.0199122 -99 -99.
2455516.0310235 -99 -99.
2455516.0407459 202.919 0.4469999999999992
2455516.0518561 202.386 1.4819999999999993
2455516.0615783 201.485 1.875
2455516.0726896 200.318 2.513
2455516.0824121 199.337 3.391
2455516.0935232 198.912 3.4770000000000003
2455516.103241 198.23 3.1549999999999994
2455516.1143558 197.54 3.162000000000001
2455516.1240781 197.269 2.8810000000000002
2455516.1351894 197.305 2.9339999999999993
2455516.1449118 197.286 3.0540000000000003
2455516.156023 197.941 3.1899999999999995
2455516.1657454 197.971 3.731
2455516.1768567 197.511 4.425000000000001
2455516.1865779 196.272 5.103999999999999
2455516.1976891 196.14 5.227
2455516.2074115 195.157 5.340999999999999
2455516.2185228 193.96 5.496
2455516.2282406 193.89 4.885
2455516.2393564 193.278 4.776
2455516.2490776 193.083 4.933999999999999
2455516.2601888 192.909 4.1530000000000005
2455516.2699112 193.105 4.247999999999999
2455516.2810225 193.848 3.638
2455516.2907449 194.045 3.6750000000000007
2455516.3018561 193.812 3.176
2455516.3115774 193.795 3.2330000000000005
2455516.3226886 192.249 3.0570000000000004
2455516.332411 191.249 3.273999999999999
2455516.3435222 190.909 2.8149999999999995
2455516.35324 190.858 2.2119999999999997
2455516.3643558 191.591 1.3759999999999994
2455516.3740771 192.127 0.9320000000000004
2455516.3851885 192.638 0.2710000000000008
2455516.3949108 -99 -99.
2455516.4060219 -99 -99.
2455516.4157443 -99 -99.
2455516.4268557 -99 -99.
2455516.4365769 -99 -99.
2455516.4476881 -99 -99.
2455516.4574105 195.135 0.26500000000000057
2455516.4685218 194.283 0.3829999999999991
2455516.4782394 193.737 0.952
2455516.4893554 193.781 1.6630000000000003
2455516.4990777 193.995 2.053000000000001
2455516.5101878 194.615 2.766
2455516.5199102 194.94 2.507999999999999
2455516.5310215 195.142 2.4410000000000007
2455516.5407438 195.818 2.2520000000000007
2455516.5518551 196.086 1.8979999999999997
2455516.5615774 196.854 2.0749999999999993
2455516.5726875 196.953 1.6609999999999996
2455516.5824099 196.887 2.2390000000000008
2455516.5935212 196.328 1.8840000000000003
2455516.603239 196.891 2.247
2455516.6178271 197.336 2.1609999999999996
2455516.6275494 197.998 1.5980000000000008
2455516.6386607 197.308 1.1709999999999994
2455516.648383 197.259 1.4079999999999995
2455516.6594943 197.292 1.3900000000000006
2455516.6692167 197.268 1.1029999999999998
2455516.6803268 -99 -99.
2455516.6900491 197.249 0.484
2455516.7011605 197.776 0.24300000000000033
2455516.7108827 197.917 0.2029999999999994
2455516.721994 -99 -99.
2455516.7317118 -99 -99.
2455516.7428266 -99 -99.
2455516.7525488 -99 -99.
2455516.7636602 -99 -99.
2455516.7733826 -99 -99.
2455516.7844937 198.232 0.6219999999999999
2455516.7942162 198.07 1.391
2455516.8053275 197.827 2.5139999999999993
2455516.8150486 197.351 3.3819999999999997
2455516.8261599 197.367 3.91
2455516.8358823 197.383 4.673
2455516.8469935 197.18 5.965999999999999
2455516.8567112 197.427 5.82
2455516.8678271 197.977 6.234
2455516.8775484 197.993 6.311
2455516.8886596 197.33 6.8740000000000006
2455516.898382 197.001 8.233
2455516.9094933 196.387 8.205
2455516.9192156 196.166 7.441000000000001
2455516.9303268 197.046 6.384
2455516.9400481 198.106 5.2170000000000005
2455516.9511594 198.966 3.9030000000000005
2455516.9608817 199.44 3.391
2455516.971993 200.434 2.862
2455516.9817108 200.553 3.314
2455516.9928266 200.358 3.8439999999999994
2455517.0025478 200.409 4.519
2455517.0136591 200.269 4.587999999999999
2455517.0233814 200.024 5.013
2455517.0344927 199.365 5.603999999999999
2455517.0442151 199.094 4.977
2455517.0553264 198.504 3.9890000000000008
2455517.0650475 198.884 3.737
2455517.0761588 197.88 3.936
2455517.0858813 197.299 3.976000000000001
2455517.0969924 197.088 4.0440000000000005
2455517.1067101 196.302 4.6419999999999995
2455517.1178261 195.393 4.475
2455517.1275484 195.088 4.585000000000001
2455517.1386585 195.12 4.066000000000001
2455517.1483809 195.33 3.3840000000000003
2455517.1594922 195.093 3.1739999999999995
2455517.1692145 195.905 2.827
2455517.1803258 196.098 1.3949999999999996
2455517.1900482 197.014 0.8260000000000005
2455517.2011582 197.726 0.0649999999999995
2455517.2108806 -99 -99.
2455517.221992 -99 -99.
2455517.2317096 -99 -99.
2455517.2486046 -99 -99.
2455517.2694383 -99 -99.
2455517.290272 -99 -99.
2455517.3111055 -99 -99.
2455517.3319381 -99 -99.
2455517.3527718 -99 -99.
2455517.3736053 -99 -99.
2455517.3944378 -99 -99.
2455517.4152714 -99 -99.
2455517.4361051 -99 -99.
2455517.4569375 -99 -99.
2455517.4777711 -99 -99.
2455517.4986048 -99 -99.
2455517.5194372 200.172 9.946000000000002
2455517.5402709 198.478 12.824000000000002
2455517.5611045 197.485 14.543
2455517.5819369 197.434 14.824
2455517.6027707 198.557 13.757000000000001
2455517.6236042 199.116 13.2
2455517.6444367 199.526 12.59
2455517.6652704 200.233 12.648
2455517.686104 202.131 12.417000000000002
2455517.7069365 203.292 12.494
2455517.7277701 202.419 13.361999999999998
2455517.7486037 201.702 14.025
2455517.7694363 201.265 13.311
2455517.7902699 200.079 13.558
2455517.8111036 198.94 13.678999999999998
2455517.831936 199.278 12.948
2455517.8527696 199.945 11.460999999999999
2455517.8770756 -99 -99.
2455517.8979092 202.109 8.463000000000001
2455517.9187428 203.086 6.824000000000002
2455517.9395765 203.862 5.654
2455517.960409 204.87 5.352
2455517.9812426 205.742 6.484000000000002
2455518.0020762 206.21 7.396000000000001
2455518.0229087 206.013 8.401
2455518.0437424 205.01 9.442
2455518.064576 203.816 11.161000000000001
2455518.0854085 202.015 12.568999999999999
2455518.1062421 201.005 13.527999999999999
2455518.1270757 201.67 14.383
2455518.1479083 201.825 15.396
2455518.1687419 200.845 15.712
2455518.1895755 199.104 16.611
2455518.210408 198.022 17.831
2455518.2312416 195.434 20.743000000000002
2455518.2520753 194.349 22.086
2455518.2729077 194.346 22.326
2455518.2937413 193.298 22.865000000000002
2455518.3145749 192.104 23.707
2455518.3354073 191.231 24.407
2455518.3562408 190.396 25.464
2455518.3770745 190.079 25.112000000000002
2455518.3979069 190.219 25.363
2455518.4187406 190.374 24.942999999999998
2455518.4395742 190.214 24.820999999999998
2455518.4604066 191.427 23.737000000000002
2455518.4812404 193.205 22.785
