2455494.5095779 208.381 19.873
2455494.5304115 208.254 19.258
2455494.5512441 208.517 18.522
2455494.5720778 207.528 16.652
2455494.5929114 207.642 16.18
2455494.6137439 210.151 17.399
2455494.6345776 209.205 15.359
2455494.6554112 208.193 17.519
2455494.6762448 208.261 18.534
2455494.6970775 207.066 18.537
2455494.7179112 206.986 17.782
2455494.7387446 205.392 19.224
2455494.7595772 204.826 19.414
2455494.7804109 202.95 20.409
2455494.8012445 201.798 21.471
2455494.822077 199.107 23.429
2455494.8429107 196.904 23.887
2455495.2005482 0.0 0.0
2455495.2213818 203.328 21.747
2455495.2422155 203.599 20.479
2455495.2630479 202.998 19.8
2455495.2838816 202.838 19.125
2455495.3047152 202.796 19.562
2455495.3255489 203.325 18.29
2455495.3463814 203.398 17.321
2455495.3672151 202.959 17.567
2455495.3880487 203.131 16.645
2455495.4088813 203.253 14.864
2455495.4297149 201.432 15.189
2455495.4505486 200.404 14.554
2455495.4713821 199.518 13.54
2455495.4922148 199.379 13.063
2455495.5130484 0.0 0.0
2455495.5338819 200.417 12.526
2455495.5547147 200.866 12.353
2455495.5755484 198.134 13.183
2455495.5963821 195.965 14.684
2455495.6172144 197.044 14.43
2455495.638048 197.77 13.621
2455495.6588817 197.926 13.405
2455495.6797152 197.954 11.562
2455495.700548 198.13 12.476
2455495.7213816 199.635 12.049
2455495.7422151 200.031 10.329
2455495.7630477 199.119 9.775
2455495.7838814 199.121 10.475
2455495.804715 200.787 10.382
2455495.8255474 201.473 9.806
2455495.8463811 202.95 10.423
2455496.1554079 0.0 0.0
2455496.1762416 198.224 11.356
2455496.1970752 198.181 11.295
2455496.2179079 199.244 10.341
2455496.2387415 200.047 10.442
2455496.2595752 200.079 11.331
2455496.2804086 0.0 0.0
2455496.3012412 198.765 13.502
2455496.3220748 198.492 13.947
2455496.3429086 196.832 16.196
2455496.363741 197.741 16.979
2455496.3845747 198.788 18.785
2455496.4054083 199.543 17.42
2455496.426242 201.003 15.184
2455496.4470745 202.081 13.373
2455496.4679081 0.0 0.0
2455496.4887417 203.67 12.402
2455496.5095742 0.0 0.0
2455496.530408 200.023 13.8
2455496.5512415 199.975 15.274
2455496.5720741 199.204 15.328
2455496.5929077 199.272 14.244
2455496.6137414 200.296 15.314
2455496.634575 201.505 16.163
2455496.6554077 203.262 17.442
2455496.6762413 203.57 19.07
2455496.6970748 203.174 20.151
2455496.7179074 203.392 19.835
2455496.7387411 204.236 21.368
2455496.7595747 205.224 22.312
2455496.7804073 205.488 21.142
2455496.8012409 207.497 22.052
2455497.5096954 0.0 0.0
2455497.5513614 202.037 13.003
2455497.5930275 204.09 13.172
2455497.6346937 203.598 13.555
2455497.6763598 201.237 14.312
2455497.7180249 199.444 15.355
2455497.726871 200.661 15.026
2455497.7707352 199.568 14.352
2455497.8124014 217.423 19.895
2455497.8540687 198.019 10.986
2455497.8957349 201.145 14.458
2455497.9374022 198.712 13.564
2455497.9790684 0.0 0.0
2455498.0513611 193.095 11.095
2455498.0930272 189.995 10.296
2455498.1346933 188.031 12.596
2455498.1763595 191.148 12.35
2455498.2180255 193.381 14.972
2455498.2596906 198.24 13.475
2455498.3013568 202.129 13.353
2455498.3430229 201.496 12.531
2455498.3846892 200.414 13.578
2455498.4680214 196.347 14.054
2455498.5096864 196.189 15.184
2455498.5513526 196.057 16.06
2455498.5930187 197.046 16.372
2455498.634685 198.105 19.252
2455498.676351 195.067 25.142
2455498.7180172 192.643 29.478
2455498.7268701 193.274 29.224
2455498.7707343 202.841 17.419
2455498.8124005 202.261 19.104
2455498.8540679 230.183 16.192
2455498.8957341 204.402 26.834
2455498.9374014 193.971 24.302
2455498.9790675 202.552 14.819
2455499.0513603 0.0 0.0
2455499.0930263 0.0 0.0
2455499.1346925 0.0 0.0
2455499.1763587 0.0 0.0
2455499.2180247 0.0 0.0
2455499.2596898 0.0 0.0
2455499.3013559 0.0 0.0
2455499.3430221 0.0 0.0
2455499.3846882 0.0 0.0
2455499.4680206 0.0 0.0
2455499.5096856 198.205 6.206
2455499.5513517 199.515 9.591
2455499.593018 199.604 11.44
2455499.6346841 202.658 12.299
2455499.6763502 204.721 13.252
2455499.7180164 202.204 16.791
2455499.7268693 199.273 13.757
2455499.7707336 0.0 0.0
2455499.8123998 199.814 16.968
2455499.8540671 201.192 16.235
2455499.8957333 198.669 15.887
2455499.9374006 204.281 18.149
2455499.9790666 203.7 16.425
2455500.0513595 0.0 0.0
2455500.0930256 197.209 10.612
2455500.1346917 195.109 12.304
2455500.1763578 194.243 12.562
2455500.218024 195.385 11.202
2455500.259689 197.119 9.25
2455500.3013551 198.942 9.056
2455500.3430213 199.928 12.549
2455500.3846874 201.062 14.173
2455500.4680199 203.256 12.189
2455500.5096847 203.299 14.087
2455500.5513509 206.527 14.615
2455500.593017 209.347 14.302
2455500.6346833 207.096 15.133
2455500.6763493 202.951 17.404
2455500.7180155 198.578 21.016
2455500.7268674 197.815 22.066
2455500.7707316 202.597 20.238
2455500.8123978 201.952 20.018
2455500.8540651 200.798 17.188
2455500.8957312 200.932 18.27
2455500.9373985 200.069 15.886
2455500.9790647 197.619 20.651
2455501.0513576 0.0 0.0
2455501.0930236 191.769 21.527
2455501.1346897 191.681 21.202
2455501.1763559 194.076 17.141
2455501.2180219 195.353 13.566
2455501.2596871 195.872 13.029
2455501.3013533 198.605 10.163
2455501.3430193 201.553 10.22
2455501.3846855 202.394 9.225
2455501.4680178 206.172 8.563
2455501.5096828 207.966 7.116
2455501.5513489 203.887 11.042
2455501.5930151 201.958 12.222
2455501.6346814 0.0 0.0
2455501.6763474 201.037 12.282
2455501.7180135 203.775 13.106
2455501.7268665 203.979 14.086
2455501.7707307 205.03 22.867
2455501.812397 201.657 17.922
2455501.8540643 200.866 17.099
2455501.8957303 204.256 23.012
2455501.9373976 201.718 20.807
2455501.9790639 193.821 14.079
2455502.0513566 0.0 0.0
2455502.0930227 210.884 25.989
2455502.1346889 211.467 27.431
2455502.176355 213.05 25.031
2455502.2180211 215.128 22.37
2455502.2596861 213.276 21.496
2455502.3013522 211.508 18.106
2455502.3430184 208.521 16.371
2455502.3846845 204.127 17.28
2455502.4263507 202.388 18.473
2455502.4680168 197.936 21.166
2455502.5096818 197.368 20.452
2455502.551348 203.248 17.259
2455502.5930141 207.486 15.327
2455502.6346803 206.937 16.043
2455502.6763463 207.132 15.266
2455502.7180124 207.023 14.971
2455502.7268655 207.017 14.752
2455502.7707298 205.327 19.076
2455502.812396 200.825 15.748
2455502.8540633 208.772 21.022
2455502.8957294 199.032 16.888
2455502.9373968 204.923 16.115
2455502.9790629 205.029 18.884
2455503.3013548 0.0 0.0
2455503.3430208 204.711 20.399
2455503.384687 207.944 20.654
2455503.4263531 206.694 19.493
2455503.4680191 203.782 22.47
2455503.5096843 0.0 0.0
2455503.5513504 199.651 26.272
2455503.5930166 199.526 26.06
2455503.6346827 0.0 0.0
2455503.6763488 200.668 23.248
2455503.7180149 201.468 20.047
2455503.7268645 201.043 19.944
2455503.7707287 198.091 13.848
2455503.812395 0.0 0.0
2455503.8540623 201.128 19.93
2455503.8957283 203.04 22.247
2455503.9373956 206.754 23.124
2455503.9790619 202.067 21.218
2455504.3360915 0.0 0.0
2455504.4194249 0.0 0.0
2455505.6266225 207.181 22.687
2455505.6474559 208.855 22.179
2455505.6682897 210.892 21.853
2455505.6891233 212.933 22.056
2455505.7099558 215.161 23.636
2455505.7307894 216.787 22.318
2455505.7516231 69.858 24.018
2455505.7724555 214.83 24.26
2455505.7932891 213.056 26.281
2455505.8141228 0.0 0.0
2455505.8349564 212.301 28.404
2455505.855789 210.06 29.699
2455505.8766226 207.266 30.479
2455505.8974562 206.153 31.965
2455505.9182887 203.527 32.274
2455505.9391222 200.902 33.416
2455505.9599559 198.011 32.368
2455505.9807896 194.147 31.963
2455506.001622 193.109 32.411
2455506.0224557 192.101 34.357
2455506.0432893 192.089 36.052
2455506.0641218 193.737 36.869
2455506.0849553 194.919 37.935
2455506.105789 194.987 38.043
2455506.1266226 195.79 38.151
2455506.1474552 195.652 37.61
2455506.1682888 195.628 35.816
2455506.1891225 195.766 35.383
2455506.2099561 195.926 34.127
2455506.2307887 196.609 33.951
2455506.2516223 195.529 33.673
2455506.2724559 195.705 31.791
2455506.2932883 195.086 31.29
2455506.3141219 194.876 30.216
2455506.3349556 196.188 30.225
2455506.3557892 196.489 31.771
2455506.3766219 196.965 29.878
2455506.3974555 195.78 27.203
2455506.4182892 195.801 25.93
2455506.4391216 195.364 24.709
2455506.4599554 196.96 25.854
2455506.480789 199.709 27.833
2455506.5016225 0.0 0.0
2455506.522455 0.0 0.0
2455506.5432886 199.73 30.061
2455506.5641223 199.151 33.391
2455506.5849547 199.233 32.841
2455506.6057884 199.755 33.945
2455506.626622 199.621 34.213
2455506.6474556 196.576 33.198
2455506.6682881 194.445 33.228
2455506.6891217 192.98 33.847
2455506.7099554 192.168 33.634
2455506.7307879 191.979 35.863
2455506.7516215 192.865 36.523
2455506.7724551 192.912 38.725
2455506.7932889 193.908 41.227
2455506.8141213 193.52 40.399
2455506.8349549 193.425 41.141
2455506.8557886 193.262 41.666
2455506.876621 194.818 42.253
2455506.8974547 194.919 42.55
2455506.9182883 195.01 42.003
2455506.939122 194.353 42.037
2455506.9599544 193.949 39.903
2455506.9807882 193.418 37.85
2455507.0016218 194.212 38.08
2455507.0224542 194.995 38.457
2455507.0432879 194.688 38.631
2455507.0641215 196.148 37.89
2455507.0849552 196.673 37.917
2455507.1907528 0.0 0.0
2455507.2004753 0.0 0.0
2455507.2115866 0.0 0.0
2455507.2213089 0.0 0.0
2455507.2324201 0.0 0.0
2455507.2421426 0.0 0.0
2455507.2532527 0.0 0.0
2455507.262975 0.0 0.0
2455507.2740862 0.0 0.0
2455507.2838087 0.0 0.0
2455507.2949199 0.0 0.0
2455507.3046377 0.0 0.0
2455507.3157525 0.0 0.0
2455507.3254749 0.0 0.0
2455507.3365861 0.0 0.0
2455507.3463085 0.0 0.0
2455507.3574198 0.0 0.0
2455507.3671422 0.0 0.0
2455507.3782533 0.0 0.0
2455507.3879747 0.0 0.0
2455507.3990858 0.0 0.0
2455507.4088081 0.0 0.0
2455507.4199194 0.0 0.0
2455507.4296372 0.0 0.0
2455507.4407533 0.0 0.0
2455507.4504745 0.0 0.0
2455507.4615857 0.0 0.0
2455507.4713081 0.0 0.0
2455507.4824193 0.0 0.0
2455507.4921416 0.0 0.0
2455507.503253 203.169 11.505
2455507.5129742 198.137 9.981
2455507.5240855 199.228 11.792
2455507.5338078 200.376 13.322
2455507.5449191 201.166 14.681
2455507.5546369 201.213 15.104
2455507.5657527 201.322 16.367
2455507.5754739 200.692 17.446
2455507.5865853 0.0 0.0
2455507.5963076 199.137 19.171
2455507.6074187 198.246 19.833
2455507.6171411 198.146 20.465
2455507.6282526 199.004 22.122
2455507.6379737 199.058 22.913
2455507.649085 199.666 24.422
2455507.6588073 199.155 24.445
2455507.6699186 198.886 25.273
2455507.6796363 198.946 25.367
2455507.6907523 198.072 25.273
2455507.7004747 196.993 24.747
2455507.7115847 195.901 23.522
2455507.7213071 195.114 21.983
2455507.7324184 194.949 21.391
2455507.7421408 194.647 20.563
2455507.753252 193.474 19.503
2455507.7629744 192.664 17.869
2455507.7740846 192.534 16.53
2455507.7838068 192.51 15.351
2455507.7949182 193.468 15.354
2455507.8046359 194.043 14.426
2455507.8192252 0.0 0.0
2455507.8289476 0.0 0.0
2455507.8400589 0.0 0.0
2455507.8497813 0.0 0.0
2455507.8608925 196.934 13.136
2455507.8706149 196.626 11.987
2455507.881725 196.768 10.934
2455507.8914474 196.867 10.199
2455507.9025586 197.611 10.05
2455507.912281 198.609 10.614
2455507.9233923 199.942 11.198
2455507.93311 201.021 10.377
2455507.9442248 201.528 9.179
2455507.9539472 201.787 9.189
2455507.9650584 201.551 9.874
2455507.9747808 200.965 9.404
2455507.985892 201.014 9.657
2455507.9956144 201.057 9.519
2455508.0067256 201.639 10.27
2455508.0164469 202.371 10.421
2455508.0275582 203.009 10.637
2455508.0372806 202.781 11.014
2455508.0483918 203.006 12.578
2455508.0581095 0.0 0.0
2455508.0692255 204.374 13.678
2455508.0789467 204.077 11.95
2455508.0900579 204.241 12.388
2455508.0997803 203.915 11.708
2455508.1108916 203.555 12.385
2455508.1206139 203.443 12.53
2455508.1317252 197.401 9.186
2455508.1414465 202.659 11.352
2455508.1525578 203.549 11.548
2455508.1622801 204.186 11.949
2455508.1733914 203.423 11.561
2455508.1831091 203.304 11.016
2455508.1942249 204.547 11.519
2455508.2039462 205.584 11.712
2455508.2150575 206.731 12.483
2455508.2247799 207.239 12.77
2455508.2358911 207.442 13.264
2455508.2456135 207.791 13.846
2455508.2567248 208.581 14.575
2455508.2664461 209.269 14.279
2455508.2775572 209.507 14.765
2455508.2872796 210.395 14.913
2455508.2983909 210.778 14.91
2455508.3081086 210.309 13.75
2455508.3192245 210.257 13.443
2455508.3289469 210.386 13.481
2455508.3400571 210.362 13.649
2455508.3497794 209.339 12.216
2455508.3608907 208.995 11.202
2455508.3706131 208.989 10.438
2455508.3817243 208.559 11.199
2455508.3914466 207.996 10.729
2455508.4025568 207.146 9.914
2455508.4122792 206.494 9.136
2455508.4233904 205.268 8.296
2455508.4331082 204.888 8.204
2455508.4476964 203.819 8.427
2455508.4574187 203.134 8.81
2455508.46853 203.288 9.733
2455508.4782524 203.164 9.665
2455508.4893637 203.173 11.145
2455508.4990859 203.161 12.207
2455508.5101961 0.0 0.0
2455508.5199185 202.055 13.819
2455508.5310297 202.723 14.583
2455508.5407521 201.942 14.336
2455508.5518634 201.529 14.775
2455508.5615812 201.005 14.758
2455508.5726958 200.472 14.962
2455508.5824183 200.06 14.597
2455508.5935296 200.559 15.562
2455508.6032519 200.968 15.641
2455508.6143631 200.977 15.594
2455508.6240855 201.472 16.224
2455508.6351969 201.929 16.678
2455508.644918 202.655 16.409
2455508.6560293 203.51 16.497
2455508.6657517 203.991 16.444
2455508.676863 205.1 16.582
2455508.6865806 204.71 15.095
2455508.6976966 203.541 13.785
2455508.7074178 202.505 12.044
2455508.718529 201.507 11.787
2455508.7282514 201.515 11.021
2455508.7393627 200.981 10.564
2455508.7490851 201.316 9.911
2455508.7601963 201.347 9.222
2455508.7699175 200.886 8.329
2455508.7810289 200.747 7.858
2455508.7907511 200.647 7.78
2455508.8018625 200.001 8.004
2455508.8115802 199.776 7.335
2455508.8226962 199.06 7.376
2455508.8324173 198.72 7.191
2455508.8435286 198.588 7.032
2455508.853251 199.667 6.755
2455508.8643623 199.871 7.712
2455508.8740846 200.738 8.407
2455508.8851959 201.568 10.1
2455508.8949171 200.962 9.556
2455508.9060285 200.309 8.913
2455508.9157507 200.15 8.442
2455508.9268621 199.872 8.281
2455508.9365798 200.121 7.676
2455508.9476956 200.715 7.351
2455508.957418 200.306 7.5
2455508.9685282 200.372 6.678
2455508.9782506 199.763 5.777
2455508.9893618 199.105 5.589
2455508.9990842 199.381 6.355
2455509.0101955 199.956 7.335
2455509.0199178 199.337 7.691
2455509.0310279 199.057 7.685
2455509.0407503 198.488 7.466
2455509.0518615 198.407 6.672
2455509.0615793 198.346 5.986
2455509.0761686 0.0 0.0
2455509.0858911 197.158 5.362
2455509.0970022 196.661 6.524
2455509.1067246 196.607 6.688
2455509.1178359 197.133 7.347
2455509.1275583 197.635 8.816
2455509.1386684 197.76 9.332
2455509.1483908 197.419 8.861
2455509.1595021 197.375 8.879
2455509.1692244 196.865 8.504
2455509.1803357 196.265 9.295
2455509.1900534 0.0 0.0
2455509.2011681 195.167 9.324
2455509.2108905 195.236 9.434
2455509.2220018 195.576 10.142
2455509.2317242 196.118 10.62
2455509.2428354 196.214 11.861
2455509.2525578 196.16 12.609
2455509.2636691 196.439 13.8
2455509.2733903 197.176 14.228
2455509.2845015 197.399 14.104
2455509.2942239 197.442 13.994
2455509.3053352 197.375 13.244
2455509.3150529 197.936 11.934
2455509.3261688 198.172 11.368
2455509.33589 198.421 11.516
2455509.3470014 198.161 11.007
2455509.3567236 198.182 10.686
2455509.367835 197.292 10.104
2455509.3775574 197.251 9.569
2455509.3886686 197.283 10.404
2455509.3983898 197.783 10.804
2455509.4095011 198.043 11.25
2455509.4192235 197.977 11.045
2455509.4303347 197.948 11.266
2455509.4400525 197.833 10.55
2455509.4511684 198.039 10.993
2455509.4608896 199.193 11.293
2455509.4720008 201.334 13.091
2455509.4817232 203.023 12.832
2455509.4928346 203.878 13.053
2455509.5025568 205.179 13.683
2455509.5136681 207.15 14.269
2455509.5233894 208.403 13.864
2455509.5345007 210.149 13.872
2455509.5442229 211.164 13.659
2455509.5553343 211.562 14.167
2455509.565052 212.129 13.034
2455509.5761678 211.956 12.249
2455509.5858903 211.224 11.283
2455509.5970004 210.193 10.314
2455509.6067228 209.141 9.21
2455509.617834 207.508 8.652
2455509.6275564 206.383 8.463
2455509.6386677 206.27 8.299
2455509.64839 207.1 8.447
2455509.6595002 208.035 9.437
2455509.6692225 208.117 9.868
2455509.6803338 207.36 9.707
2455509.6900515 206.561 9.313
2455509.7046397 0.0 0.0
2455509.7143621 209.041 10.538
2455509.7254733 210.182 11.622
2455509.7351957 211.089 12.233
2455509.746307 210.98 13.282
2455509.7560294 211.014 13.324
2455509.7671395 210.491 14.279
2455509.7768618 210.475 14.591
2455509.7879731 209.928 14.139
2455509.7976956 209.143 14.138
2455509.8088067 207.924 13.478
2455509.8185245 0.0 0.0
2455509.8296393 206.282 13.561
2455509.8393616 205.363 13.132
2455509.8504729 203.377 12.509
2455509.8601953 202.952 11.743
2455509.8713065 202.229 10.616
2455509.8810289 203.072 10.81
2455509.8921402 204.332 11.916
2455509.9018614 205.193 11.872
2455509.9129726 205.897 11.826
2455509.922695 205.947 11.353
2455509.9338063 205.818 11.042
2455509.9435241 205.818 10.395
2455509.9546399 205.165 10.188
2455509.9643612 204.845 10.026
2455509.9754724 204.005 9.746
2455509.9851947 203.969 9.423
2455509.996306 203.82 9.072
2455510.0060284 203.8 9.739
2455510.0171398 203.038 10.331
2455510.0268609 202.597 10.269
2455510.0379722 202.052 10.84
2455510.0476946 201.888 11.408
2455510.0588058 201.937 12.384
2455510.0685235 202.152 12.571
2455510.0796395 202.76 13.189
2455510.0893607 202.125 12.82
2455510.1004719 201.524 12.608
2455510.1101943 201.118 12.839
2455510.1213056 200.9 13.253
2455510.131028 200.895 12.973
2455510.1421392 201.438 14.135
2455510.1518604 202.174 14.769
2455510.1629718 203.723 15.803
2455510.172694 204.679 16.398
2455510.1838054 204.873 17.638
2455510.1935231 204.115 17.984
2455510.204639 203.878 18.175
2455510.2143613 203.081 18.476
2455510.2254715 202.657 18.212
2455510.2351939 201.78 18.422
2455510.2463051 201.011 17.66
2455510.2560275 200.64 16.865
2455510.2671388 199.981 17.511
2455510.2768612 199.877 16.842
2455510.2879712 199.676 16.773
2455510.2976935 199.613 17.305
2455510.3088049 199.064 17.997
2455510.3185226 198.752 17.173
2455510.3331119 198.033 16.684
2455510.3428344 198.435 16.553
2455510.3539455 199.061 17.095
2455510.363668 199.84 16.838
2455510.3747792 200.142 16.606
2455510.3845016 200.272 16.35
2455510.3956117 200.921 16.19
2455510.4053341 199.93 14.864
2455510.4164454 200.031 14.985
2455510.4261678 200.157 15.354
2455510.437279 200.52 15.768
2455510.4469967 201.221 16.348
2455510.4581117 200.587 16.39
2455510.4678338 200.274 16.942
2455510.4789452 199.655 17.464
2455510.4886675 199.599 17.36
2455510.4997788 0.0 0.0
2455510.5095011 201.462 18.59
2455510.5206124 202.234 18.661
2455510.5303336 202.328 18.17
2455510.541445 202.266 17.676
2455510.5511672 201.371 17.637
2455510.5622786 200.484 17.065
2455510.5719963 0.0 0.0
2455510.5831122 201.181 15.721
2455510.5928334 201.245 15.764
2455510.6039447 200.517 15.912
2455510.613667 199.593 15.394
2455510.6247783 198.445 14.892
2455510.6345007 197.609 14.409
2455510.645612 196.527 14.174
2455510.6553331 195.286 13.119
2455510.6664444 194.26 13.836
2455510.6761668 193.127 13.533
2455510.687278 192.259 14.306
2455510.6969958 192.304 13.729
2455510.7081117 192.887 14.293
2455510.717833 193.07 14.324
2455510.7289442 193.401 14.83
2455510.7386665 194.271 15.109
2455510.7497778 194.112 14.587
2455510.7595001 194.39 14.972
2455510.7706114 194.27 15.511
2455510.7803327 194.872 16.254
2455510.791444 195.116 16.6
2455510.8011663 195.095 16.363
2455510.8122776 195.593 17.287
2455510.8219954 195.993 17.913
2455510.8331112 196.997 18.808
2455510.8428336 198.203 19.083
2455510.8539437 199.661 19.146
2455510.8636661 200.075 18.0
2455510.8747773 200.604 17.58
2455510.8844997 200.216 16.695
2455510.895611 199.759 15.877
2455510.9053334 199.772 14.885
2455510.9164434 200.012 15.01
2455510.9261658 199.982 15.457
2455510.9372771 200.038 15.786
2455510.9469949 199.995 14.942
2455510.961583 0.0 0.0
2455510.9713054 200.353 14.925
2455510.9824166 200.52 15.684
2455510.992139 200.07 15.362
2455511.0032503 198.803 14.827
2455511.0129727 198.231 14.543
2455511.0240828 198.064 14.884
2455511.0338051 198.059 14.652
2455511.0449164 197.826 14.289
2455511.0546387 197.697 14.071
2455511.06575 197.499 15.288
2455511.0754678 197.406 15.332
2455511.0865826 197.545 16.394
2455511.0963049 197.791 17.837
2455511.1074162 198.096 18.328
2455511.1171385 197.958 17.937
2455511.1282498 197.898 18.189
2455511.1379721 198.025 18.173
2455511.1490834 198.633 18.329
2455511.1588047 199.095 17.739
2455511.1699159 199.545 17.588
2455511.1796383 199.697 17.953
2455511.1907496 199.607 18.954
2455511.2004673 0.0 0.0
2455511.2115832 199.815 19.549
2455511.2213044 199.72 19.149
2455511.2324157 199.687 19.05
2455511.242138 200.199 19.05
2455511.2532493 200.91 18.783
2455511.2629717 200.999 18.894
2455511.274083 201.209 19.598
2455511.2838042 200.936 19.104
2455511.2949154 200.255 18.53
2455511.3046378 200.02 17.812
2455511.315749 199.294 18.252
2455511.3254668 199.19 18.634
2455511.3365828 198.317 18.364
2455511.3463039 198.388 18.306
2455511.3574152 198.15 18.94
2455511.3671376 198.11 19.628
2455511.3782489 197.596 19.667
2455511.3879712 198.255 19.944
2455511.3990824 198.349 19.843
2455511.4088037 198.304 18.871
2455511.4199149 197.48 17.739
2455511.4296373 197.346 17.157
2455511.4407485 197.173 17.014
2455511.4504664 196.188 16.272
2455511.4615822 195.419 15.447
2455511.4713046 194.643 15.357
2455511.4824147 194.444 15.359
2455511.492137 194.587 15.226
2455511.5032483 194.508 16.263
2455511.5129707 194.707 16.413
2455511.5240819 0.0 0.0
2455511.5338043 196.259 18.218
2455511.5449145 196.532 18.445
2455511.5546368 197.199 19.113
2455511.5657481 198.075 19.474
2455511.5754658 200.623 18.359
2455511.5900552 0.0 0.0
2455511.5997775 197.104 20.833
2455511.6108888 196.115 21.031
2455511.6206112 195.316 20.563
2455511.6317224 194.306 20.558
2455511.6414448 193.893 20.849
2455511.6525549 193.063 21.181
2455511.6622773 192.101 19.782
2455511.6733885 191.231 19.604
2455511.6831109 190.827 19.446
2455511.6942222 190.249 19.72
2455511.7039399 190.036 18.939
2455511.7150546 0.0 0.0
2455511.724777 0.0 0.0
2455511.7358884 0.0 0.0
2455511.7456106 0.0 0.0
2455511.756722 0.0 0.0
2455511.7664443 0.0 0.0
2455511.7775556 0.0 0.0
2455511.7872768 0.0 0.0
2455511.7983881 191.652 13.61
2455511.8081105 191.726 14.08
2455511.8192217 191.823 15.165
2455511.8289394 191.741 14.879
2455511.8400554 191.804 15.625
2455511.8497765 192.113 16.055
2455511.8608878 191.868 15.604
2455511.8706102 192.043 15.54
2455511.8817215 192.12 15.049
2455511.8914438 192.961 14.934
2455511.9025551 193.955 15.509
2455511.9122764 194.889 15.304
2455511.9233877 195.412 15.153
2455511.9331099 195.34 14.308
2455511.9442212 195.5 14.09
2455511.953939 0.0 0.0
2455511.9650548 195.243 14.746
2455511.974776 195.168 14.629
2455511.9858874 194.622 15.153
2455511.9956098 194.512 15.657
2455512.006721 194.971 16.436
2455512.0164434 195.007 16.605
2455512.0275547 195.199 17.456
2455512.0372758 195.326 17.993
2455512.0483871 195.105 18.746
2455512.0581095 195.208 19.142
2455512.0692207 195.369 20.338
2455512.0789384 195.949 20.746
2455512.0900544 196.288 20.999
2455512.0997768 196.361 21.77
2455512.1108868 197.113 22.713
2455512.1206092 197.314 22.844
2455512.1317205 196.932 22.313
2455512.1414428 196.801 21.877
2455512.1525541 197.178 22.02
2455512.1622765 197.233 21.502
2455512.1733865 196.351 21.147
2455512.1831089 196.865 21.587
2455512.1942203 197.459 22.613
2455512.203938 198.112 23.32
2455512.2185261 0.0 0.0
2455512.2282485 0.0 0.0
2455512.2393599 0.0 0.0
2455512.2490821 0.0 0.0
2455512.2601934 199.134 26.395
2455512.2699158 199.16 26.429
2455512.2810259 198.768 26.861
2455512.2907482 198.736 26.362
2455512.3018596 199.12 25.933
2455512.311582 199.232 25.146
2455512.3226931 199.268 24.332
2455512.3324109 199.267 23.015
2455512.3435257 199.287 22.859
2455512.353248 199.799 22.68
2455512.3643593 199.824 23.15
2455512.3740817 200.096 23.025
2455512.385193 200.624 22.508
2455512.3949153 200.109 21.527
2455512.4060266 199.97 20.697
2455512.4157478 200.008 19.8
2455512.426859 199.804 19.099
2455512.4365814 199.895 18.259
2455512.4476927 199.627 18.227
2455512.4574105 198.987 17.089
2455512.4685263 198.855 17.001
2455512.4782475 199.693 16.715
2455512.4893588 199.875 16.43
2455512.4990811 199.875 15.448
2455512.5101924 199.468 14.212
2455512.5199148 199.041 13.371
2455512.531026 198.85 13.63
2455512.5407473 199.041 12.955
2455512.5518586 199.977 13.409
2455512.561581 200.963 13.933
2455512.5726922 201.553 14.117
2455512.5824099 202.111 14.154
2455512.5935258 202.71 14.008
2455512.603247 202.968 13.957
2455512.6143583 202.948 13.597
2455512.6240807 202.798 15.106
2455512.635192 202.888 15.909
2455512.6449143 203.536 16.916
2455512.6560256 203.585 18.255
2455512.6657468 203.185 18.191
2455512.6768581 202.79 17.175
2455512.6865804 201.93 16.952
2455512.6976917 202.013 17.804
2455512.7074095 202.001 18.152
2455512.7185253 202.366 17.561
2455512.7282477 202.022 16.326
2455512.7393579 201.457 16.579
2455512.7490801 201.221 15.776
2455512.7601915 201.056 15.365
2455512.7699138 200.512 14.835
2455512.781025 200.757 14.34
2455512.7907474 200.412 14.017
2455512.8018576 199.351 13.316
2455512.81158 199.231 13.013
2455512.8226911 198.724 12.518
2455512.8324089 199.249 12.077
2455512.8469983 0.0 0.0
2455512.8567206 199.096 11.928
2455512.8678319 198.212 11.892
2455512.8775543 197.507 11.118
2455512.8886655 197.249 11.202
2455512.8983879 196.702 11.814
2455512.909498 197.256 12.678
2455512.9192204 197.36 12.894
2455512.9303316 197.362 13.296
2455512.940054 197.204 13.329
2455512.9511653 196.466 12.753
2455512.960883 196.068 11.743
2455512.9719977 195.331 11.722
2455512.9817201 194.992 11.517
2455512.9928315 194.184 11.682
2455513.0025537 193.295 11.129
2455513.013665 192.947 10.887
2455513.0233875 191.855 11.247
2455513.0344986 191.861 10.107
2455513.0442199 191.371 9.371
2455513.0553312 191.216 9.394
2455513.0650535 191.799 9.783
2455513.0761648 192.937 11.199
2455513.0858825 193.357 11.289
2455513.0969985 193.946 12.51
2455513.1067196 194.243 14.08
2455513.1178309 194.643 15.695
2455513.1275533 195.053 15.508
2455513.1386645 196.094 16.567
2455513.1483869 197.092 17.815
2455513.1594982 198.252 19.85
2455513.1692194 198.854 20.251
2455513.1803306 199.052 20.434
2455513.190053 199.913 20.968
2455513.2011643 201.645 22.984
2455513.2108821 203.008 23.44
2455513.2219979 205.015 23.851
2455513.2317192 206.604 24.525
2455513.2428303 207.8 25.523
2455513.2525528 208.112 24.894
2455513.2636641 208.884 24.328
2455513.2733864 208.922 23.964
2455513.2844977 209.073 23.814
2455513.2942189 209.051 22.69
2455513.3053302 209.461 21.525
2455513.3150524 209.023 20.6
2455513.3261638 208.853 18.728
2455513.3358816 208.889 17.856
2455513.3469975 208.122 17.596
2455513.3567198 207.398 16.744
2455513.3678299 206.45 16.093
2455513.3775523 205.959 15.855
2455513.3886636 206.062 15.846
2455513.3983859 205.139 15.794
2455513.4094972 204.904 16.238
2455513.4192197 204.958 16.062
2455513.4303296 204.584 16.669
2455513.440052 204.353 16.216
2455513.4511633 204.926 15.932
2455513.460881 204.588 14.785
2455513.4754704 203.014 13.743
2455513.4851928 205.509 15.172
2455513.4963039 203.051 13.845
2455513.5060264 203.063 13.458
2455513.5171378 203.212 12.811
2455513.5268599 204.007 13.197
2455513.5379701 204.8 13.562
2455513.5476925 205.217 13.638
2455513.5588038 205.778 13.408
2455513.5685261 206.062 13.568
2455513.5796374 206.18 13.863
2455513.5893552 0.0 0.0
2455513.6004698 205.29 13.699
2455513.6101922 205.097 13.691
2455513.6213035 204.858 14.053
2455513.6310259 204.064 14.034
2455513.6421371 204.112 13.896
2455513.6518595 204.04 14.682
2455513.6629708 203.35 15.714
2455513.6726919 202.478 15.552
2455513.6838032 202.072 15.174
2455513.6935256 201.18 15.859
2455513.7046368 200.303 16.391
2455513.7143546 199.457 17.038
2455513.7254705 198.512 18.041
2455513.7351918 199.028 18.209
2455513.746303 199.598 18.893
2455513.7560254 200.145 18.409
2455513.7671366 200.305 19.097
2455513.776859 200.616 20.112
2455513.7879702 201.135 21.476
2455513.7976915 201.151 20.911
2455513.8088027 201.483 21.521
2455513.8185251 201.418 22.787
2455513.8296364 200.355 23.142
2455513.8393542 199.466 22.7
2455513.85047 199.166 22.513
2455513.8601912 199.28 22.658
2455513.8713025 199.963 23.241
2455513.8810248 199.289 22.803
2455513.8921361 198.208 22.677
2455513.9018585 197.912 22.693
2455513.9129698 197.945 22.893
2455513.9226909 198.088 22.782
2455513.9338022 198.052 22.14
2455513.9435247 198.064 22.499
2455513.9546358 197.945 22.957
2455513.9643536 197.84 21.867
2455513.9754695 197.325 21.299
2455513.9851918 197.051 20.875
2455513.996302 196.859 20.414
2455514.0060244 197.074 20.421
2455514.0171357 197.228 20.609
2455514.0268579 197.349 20.21
2455514.0379693 197.323 19.818
2455514.0476917 196.812 19.174
2455514.0588017 196.791 18.891
2455514.0685241 196.407 18.765
2455514.0796354 0.0 0.0
2455514.0893531 196.875 16.478
2455514.1039413 0.0 0.0
2455514.1136637 196.776 16.082
2455514.1247748 196.711 16.875
2455514.1344973 196.087 17.183
2455514.1456086 196.137 17.636
2455514.155331 196.493 17.886
2455514.166441 196.884 18.672
2455514.1761634 197.257 18.631
2455514.1872747 197.127 19.032
2455514.196997 197.781 19.348
2455514.2081083 197.03 19.669
2455514.2178261 0.0 0.0
2455514.2289409 194.184 18.18
2455514.2386631 192.748 17.306
2455514.2497744 191.835 16.553
2455514.2594968 192.103 16.651
2455514.270608 192.212 16.468
2455514.2803304 192.443 17.04
2455514.2914417 193.167 17.438
2455514.3011628 193.348 16.806
2455514.3122741 194.279 16.965
2455514.3219965 195.311 17.164
2455514.3331078 196.145 17.585
2455514.3428255 196.399 17.982
2455514.3539414 197.074 17.851
2455514.3636627 198.036 18.157
2455514.3747738 198.33 18.155
2455514.3844963 198.445 17.874
2455514.3956076 199.03 17.454
2455514.4053298 200.04 17.926
2455514.4164412 200.219 18.675
2455514.4261624 200.262 19.214
2455514.4372737 199.995 18.88
2455514.446996 200.221 18.425
2455514.4581073 200.053 17.807
2455514.467825 199.198 16.84
2455514.4789409 199.105 16.698
2455514.4886621 199.798 17.024
2455514.4997734 0.0 0.0
2455514.5094958 199.31 16.234
2455514.520607 198.99 16.291
2455514.5303294 199.238 16.662
2455514.5414407 200.139 16.788
2455514.5511618 200.832 16.44
2455514.5622731 200.285 15.716
2455514.5719955 199.341 15.176
2455514.5831067 198.407 14.323
2455514.5928245 197.874 13.699
2455514.6039404 196.919 13.635
2455514.6136628 196.104 13.247
2455514.6247728 196.286 13.496
2455514.6344953 196.323 13.94
2455514.6456066 197.084 14.867
2455514.6553288 197.797 15.535
2455514.6664402 198.213 15.786
2455514.6761625 198.855 15.324
2455514.6872726 199.235 15.057
2455514.696995 199.896 14.807
2455514.7081063 199.824 15.397
2455514.717824 199.878 15.432
2455514.7324133 0.0 0.0
2455514.7421357 199.176 13.599
2455514.753247 198.97 12.893
2455514.7629693 199.05 12.853
2455514.7740806 199.207 13.813
2455514.783803 198.992 13.911
2455514.794913 199.354 13.806
2455514.8046354 198.921 13.08
2455514.8157467 198.308 12.183
2455514.8254691 198.763 11.672
2455514.8365803 198.86 11.883
2455514.8462981 198.879 11.907
2455514.8574129 199.706 12.193
2455514.8671352 199.612 12.279
2455514.8782464 199.327 11.208
2455514.8879688 199.589 10.779
2455514.8990801 200.475 11.15
2455514.9088024 201.746 11.721
2455514.9199137 202.635 12.345
2455514.929635 203.638 13.38
2455514.9407462 204.131 12.933
2455514.9504686 204.249 12.43
2455514.96158 204.723 12.373
2455514.9712975 0.0 0.0
2455514.9824135 205.835 12.336
2455514.9921347 206.228 11.949
2455515.003246 206.919 12.164
2455515.0129683 208.001 12.288
2455515.0240796 208.085 12.992
2455515.033802 206.715 13.924
2455515.0449132 206.241 14.345
2455515.0546344 205.605 15.001
2455515.0657457 205.152 15.374
2455515.0754681 205.243 15.834
2455515.0865793 204.717 17.541
2455515.0962971 204.145 17.839
2455515.107413 202.372 18.362
2455515.1171342 201.085 17.649
2455515.1282454 199.167 17.619
2455515.1379678 197.408 16.721
2455515.149079 196.248 17.142
2455515.1588014 195.375 17.43
2455515.1699127 194.687 17.935
2455515.1796338 195.101 18.308
2455515.1907452 195.341 19.029
2455515.2004676 195.553 18.871
2455515.2115789 196.195 19.74
2455515.2212965 196.345 19.394
2455515.2324125 197.042 19.884
2455515.2421348 197.26 20.33
2455515.2532449 198.077 21.282
2455515.2629673 198.371 20.653
2455515.2740786 198.368 20.561
2455515.2838009 198.408 20.801
2455515.2949122 199.254 20.536
2455515.3046346 200.168 19.656
2455515.3157447 201.239 19.544
2455515.325467 202.891 19.799
2455515.3365783 204.093 20.408
2455515.3462961 205.144 20.179
2455515.3608842 206.493 20.871
2455515.3706066 206.882 21.012
2455515.3817179 207.275 20.651
2455515.3914402 207.298 20.466
2455515.4025515 208.135 20.842
2455515.4122739 208.916 21.522
2455515.4233839 208.953 21.58
2455515.4331063 209.02 20.545
2455515.4442176 207.961 19.172
2455515.45394 208.143 17.773
2455515.4650512 208.333 17.252
2455515.4747689 208.981 16.145
2455515.4858837 208.726 14.968
2455515.495606 208.244 13.693
2455515.5067173 207.99 13.333
2455515.5164397 206.892 12.908
2455515.527551 206.171 13.465
2455515.5372733 205.07 13.425
2455515.5483846 203.163 13.609
2455515.5581058 201.885 12.75
2455515.5692171 200.998 12.625
2455515.5789394 200.391 13.568
2455515.5900507 200.619 12.308
2455515.5997684 200.424 12.552
2455515.6108843 200.762 11.504
2455515.6206057 200.6 11.53
2455515.631717 200.807 12.66
2455515.6414393 199.816 13.005
2455515.6525505 199.822 13.648
2455515.6622729 199.586 14.262
2455515.6733841 199.016 14.922
2455515.6831053 199.058 14.818
2455515.6942166 198.616 14.819
2455515.703939 198.481 15.213
2455515.7150502 198.141 15.311
2455515.7247679 198.099 14.838
2455515.7358839 198.059 14.666
2455515.7456051 198.224 15.022
2455515.7567163 199.143 15.763
2455515.7664387 199.856 16.372
2455515.7775499 200.634 16.57
2455515.7872723 201.428 16.786
2455515.7983836 202.715 17.39
2455515.8081048 202.832 17.05
2455515.8192161 203.061 16.931
2455515.8289384 203.174 17.624
2455515.8400497 204.025 18.469
2455515.8497674 204.765 18.521
2455515.8608833 205.474 19.358
2455515.8706057 205.786 20.076
2455515.8817158 206.586 21.136
2455515.8914382 206.831 20.485
2455515.9025495 206.76 21.493
2455515.9122719 207.179 21.756
2455515.9233831 207.784 22.17
2455515.9331055 207.975 21.97
2455515.9442156 208.233 22.282
2455515.9539379 207.95 21.573
2455515.9650492 207.38 21.462
2455515.974767 206.97 20.342
2455515.9893562 0.0 0.0
2455515.9990786 0.0 0.0
2455516.0101899 0.0 0.0
2455516.0199122 0.0 0.0
2455516.0310235 203.453 17.318
2455516.0407459 202.919 15.553
2455516.0518561 202.386 14.518
2455516.0615783 201.485 14.125
2455516.0726896 200.318 13.487
2455516.0824121 199.337 12.609
2455516.0935232 198.912 12.523
2455516.103241 198.23 12.845
2455516.1143558 197.54 12.838
2455516.1240781 197.269 13.119
2455516.1351894 197.305 13.066
2455516.1449118 197.286 12.946
2455516.156023 197.941 12.81
2455516.1657454 197.971 12.269
2455516.1768567 197.511 11.575
2455516.1865779 196.272 10.896
2455516.1976891 196.14 10.773
2455516.2074115 195.157 10.659
2455516.2185228 193.96 10.504
2455516.2282406 193.89 11.115
2455516.2393564 193.278 11.224
2455516.2490776 193.083 11.066
2455516.2601888 192.909 11.847
2455516.2699112 193.105 11.752
2455516.2810225 193.848 12.362
2455516.2907449 194.045 12.325
2455516.3018561 193.812 12.824
2455516.3115774 193.795 12.767
2455516.3226886 192.249 12.943
2455516.332411 191.249 12.726
2455516.3435222 190.909 13.185
2455516.35324 190.858 13.788
2455516.3643558 191.591 14.624
2455516.3740771 192.127 15.068
2455516.3851885 192.638 15.729
2455516.3949108 192.665 16.141
2455516.4060219 192.66 16.46
2455516.4157443 193.045 16.96
2455516.4268557 193.269 19.418
2455516.4365769 193.909 16.37
2455516.4476881 194.833 16.563
2455516.4574105 195.135 15.735
2455516.4685218 194.283 15.617
2455516.4782394 193.737 15.048
2455516.4893554 193.781 14.337
2455516.4990777 193.995 13.947
2455516.5101878 194.615 13.234
2455516.5199102 194.94 13.492
2455516.5310215 195.142 13.559
2455516.5407438 195.818 13.748
2455516.5518551 196.086 14.102
2455516.5615774 196.854 13.925
2455516.5726875 196.953 14.339
2455516.5824099 196.887 13.761
2455516.5935212 196.328 14.116
2455516.603239 196.891 13.753
2455516.6178271 197.336 13.839
2455516.6275494 197.998 14.402
2455516.6386607 197.308 14.829
2455516.648383 197.259 14.592
2455516.6594943 197.292 14.61
2455516.6692167 197.268 14.897
2455516.6803268 0.0 0.0
2455516.6900491 197.249 15.516
2455516.7011605 197.776 15.757
2455516.7108827 197.917 15.797
2455516.721994 198.215 16.461
2455516.7317118 199.166 16.929
2455516.7428266 198.997 17.34
2455516.7525488 199.391 17.368
2455516.7636602 199.898 17.037
2455516.7733826 199.144 16.123
2455516.7844937 198.232 15.378
2455516.7942162 198.07 14.609
2455516.8053275 197.827 13.486
2455516.8150486 197.351 12.618
2455516.8261599 197.367 12.09
2455516.8358823 197.383 11.327
2455516.8469935 197.18 10.034
2455516.8567112 197.427 10.18
2455516.8678271 197.977 9.766
2455516.8775484 197.993 9.689
2455516.8886596 197.33 9.126
2455516.898382 197.001 7.767
2455516.9094933 196.387 7.795
2455516.9192156 196.166 8.559
2455516.9303268 197.046 9.616
2455516.9400481 198.106 10.783
2455516.9511594 198.966 12.097
2455516.9608817 199.44 12.609
2455516.971993 200.434 13.138
2455516.9817108 200.553 12.686
2455516.9928266 200.358 12.156
2455517.0025478 200.409 11.481
2455517.0136591 200.269 11.412
2455517.0233814 200.024 10.987
2455517.0344927 199.365 10.396
2455517.0442151 199.094 11.023
2455517.0553264 198.504 12.011
2455517.0650475 198.884 12.263
2455517.0761588 197.88 12.064
2455517.0858813 197.299 12.024
2455517.0969924 197.088 11.956
2455517.1067101 196.302 11.358
2455517.1178261 195.393 11.525
2455517.1275484 195.088 11.415
2455517.1386585 195.12 11.934
2455517.1483809 195.33 12.616
2455517.1594922 195.093 12.826
2455517.1692145 195.905 13.173
2455517.1803258 196.098 14.605
2455517.1900482 197.014 15.174
2455517.2011582 197.726 15.935
2455517.2108806 198.094 16.714
2455517.221992 197.808 17.561
2455517.2317096 197.853 16.891
2455517.2486046 0.0 0.0
2455517.2694383 0.0 0.0
2455517.290272 0.0 0.0
2455517.3111055 0.0 0.0
2455517.3319381 0.0 0.0
2455517.3527718 0.0 0.0
2455517.3736053 0.0 0.0
2455517.3944378 0.0 0.0
2455517.4152714 0.0 0.0
2455517.4361051 0.0 0.0
2455517.4569375 0.0 0.0
2455517.4777711 0.0 0.0
2455517.4986048 0.0 0.0
2455517.5194372 200.172 20.054
2455517.5402709 198.478 17.176
2455517.5611045 197.485 15.457
2455517.5819369 197.434 15.176
2455517.6027707 198.557 16.243
2455517.6236042 199.116 16.8
2455517.6444367 199.526 17.41
2455517.6652704 200.233 17.352
2455517.686104 202.131 17.583
2455517.7069365 203.292 17.506
2455517.7277701 202.419 16.638
2455517.7486037 201.702 15.975
2455517.7694363 201.265 16.689
2455517.7902699 200.079 16.442
2455517.8111036 198.94 16.321
2455517.831936 199.278 17.052
2455517.8527696 199.945 18.539
2455517.8770756 0.0 0.0
2455517.8979092 202.109 21.537
2455517.9187428 203.086 23.176
2455517.9395765 203.862 24.346
2455517.960409 204.87 24.648
2455517.9812426 205.742 23.516
2455518.0020762 206.21 22.604
2455518.0229087 206.013 21.599
2455518.0437424 205.01 20.558
2455518.064576 203.816 18.839
2455518.0854085 202.015 17.431
2455518.1062421 201.005 16.472
2455518.1270757 201.67 15.617
2455518.1479083 201.825 14.604
2455518.1687419 200.845 14.288
2455518.1895755 199.104 13.389
2455518.210408 198.022 12.169
2455518.2312416 195.434 9.257
2455518.2520753 194.349 7.914
2455518.2729077 194.346 7.674
2455518.2937413 193.298 7.135
2455518.3145749 192.104 6.293
2455518.3354073 191.231 5.593
2455518.3562408 190.396 4.536
2455518.3770745 190.079 4.888
2455518.3979069 190.219 4.637
2455518.4187406 190.374 5.057
2455518.4395742 190.214 5.179
2455518.4604066 191.427 6.263
2455518.4812404 193.205 7.215
