name // mid-observation time // exposure id // DOY // date // optical-bench temp // exposure time // pixel scale // distance to comet
hi10110320_4000001_030.fit 2455504.3360915 4000001 307 2010-11-03T20:03:54.807 136.98240841 7000.33 7952.716 795271.603
hi10110322_4000003_030.fit 2455504.4194249 4000003 307 2010-11-03T22:03:54.812 136.93798564 7000.33 7065.679 706567.862
hi10110503_4003100_032.fit 2455505.6266225 4003100 309 2010-11-05T03:02:16.682 136.95279241 7000.33 5783.756 578375.623
hi10110503_4003200_032.fit 2455505.6474559 4003200 309 2010-11-05T03:32:16.693 136.95279241 7000.33 6005.48 600547.958
hi10110504_4003300_032.fit 2455505.6682897 4003300 309 2010-11-05T04:02:16.727 136.95279241 7000.33 6227.205 622720.52
hi10110504_4003400_032.fit 2455505.6891233 4003400 309 2010-11-05T04:32:16.750 136.95279241 7000.33 6448.929 644892.872
hi10110505_4003500_032.fit 2455505.7099558 4003500 309 2010-11-05T05:02:16.679 136.93798564 7000.33 6670.64 667064.003
hi10110505_4003600_032.fit 2455505.7307894 4003600 309 2010-11-05T05:32:16.702 136.93798564 7000.33 6892.362 689236.219
hi10110506_4003700_032.fit 2455505.7516231 4003700 309 2010-11-05T06:02:16.736 136.92317969 7000.33 7114.085 711408.508
hi10110506_4003800_032.fit 2455505.7724555 4003800 309 2010-11-05T06:32:16.657 136.90837456 7000.33 7335.793 733579.326
hi10110507_4003900_032.fit 2455505.7932891 4003900 309 2010-11-05T07:02:16.680 136.92317969 7000.33 7557.513 755751.32
hi10110507_4004000_032.fit 2455505.8141228 4004000 309 2010-11-05T07:32:16.711 136.92317969 7000.33 7779.233 777923.33
hi10110508_4004100_032.fit 2455505.8349564 4004100 309 2010-11-05T08:02:16.733 136.93798564 7000.33 8000.952 800095.163
hi10110508_4004200_032.fit 2455505.855789 4004200 309 2010-11-05T08:32:16.666 136.93798564 7000.33 8222.658 822265.805
hi10110509_4004300_032.fit 2455505.8766226 4004300 309 2010-11-05T09:02:16.689 136.95279241 7000.33 8444.375 844437.468
hi10110509_4004400_032.fit 2455505.8974562 4004400 309 2010-11-05T09:32:16.712 136.92317969 7000.33 8666.09 866609.042
hi10110510_4004500_032.fit 2455505.9182887 4004500 309 2010-11-05T10:02:16.645 136.90837456 7000.33 8887.794 888779.418
hi10110510_4004600_032.fit 2455505.9391222 4004600 309 2010-11-05T10:32:16.656 136.92317969 7000.33 9109.507 910950.664
hi10110511_4004700_032.fit 2455505.9599559 4004700 309 2010-11-05T11:02:16.686 136.90837456 7000.33 9331.221 933122.055
hi10110511_4004800_032.fit 2455505.9807896 4004800 309 2010-11-05T11:32:16.721 136.92317969 7000.33 9552.934 955293.395
hi10110512_4004900_032.fit 2455506.001622 4004900 309 2010-11-05T12:02:16.642 136.95279241 7000.33 9774.632 977463.24
hi10110512_4005000_032.fit 2455506.0224557 4005000 309 2010-11-05T12:32:16.673 136.87876676 7000.33 9996.343 999634.33
hi10110513_4005100_032.fit 2455506.0432893 4005100 309 2010-11-05T13:02:16.695 136.89357025 7000.33 10218.052 1021805.218
hi10110513_4005200_032.fit 2455506.0641218 4005200 309 2010-11-05T13:32:16.620 136.89357025 7000.33 10439.748 1043974.796
hi10110514_4005300_032.fit 2455506.0849553 4005300 309 2010-11-05T14:02:16.639 136.90837456 7000.33 10661.481 1066148.093
hi10110514_4005400_032.fit 2455506.105789 4005400 309 2010-11-05T14:32:16.674 136.86396409 7000.33 10883.188 1088318.824
hi10110515_4005500_032.fit 2455506.1266226 4005500 309 2010-11-05T15:02:16.696 136.87876676 7000.33 11104.893 1110489.296
hi10110515_4005600_032.fit 2455506.1474552 4005600 309 2010-11-05T15:32:16.629 136.89357025 7000.33 11326.585 1132658.545
hi10110516_4005700_032.fit 2455506.1682888 4005700 309 2010-11-05T16:02:16.648 136.90837456 7000.33 11548.287 1154828.733
hi10110516_4005800_032.fit 2455506.1891225 4005800 309 2010-11-05T16:32:16.683 136.84916224 7000.33 11769.99 1176998.993
hi10110517_4005900_032.fit 2455506.2099561 4005900 309 2010-11-05T17:02:16.705 136.89357025 7000.33 11991.69 1199168.984
hi10110517_4006000_032.fit 2455506.2307887 4006000 309 2010-11-05T17:32:16.646 136.87876676 7000.33 12213.378 1221337.839
hi10110518_4006100_032.fit 2455506.2516223 4006100 309 2010-11-05T18:02:16.669 136.86396409 7000.33 12435.076 1243507.576
hi10110518_4006200_032.fit 2455506.2724559 4006200 309 2010-11-05T18:32:16.692 136.86396409 7000.33 12656.772 1265677.182
hi10110519_4006300_032.fit 2455506.2932883 4006300 309 2010-11-05T19:02:16.613 136.87876676 7000.33 12878.454 1287845.404
hi10110519_4006400_032.fit 2455506.3141219 4006400 309 2010-11-05T19:32:16.636 136.86396409 7000.33 13100.147 1310014.742
hi10110520_4006500_032.fit 2455506.3349556 4006500 309 2010-11-05T20:02:16.666 136.87876676 7000.33 13321.84 1332184.038
hi10110520_4006600_032.fit 2455506.3557892 4006600 309 2010-11-05T20:32:16.689 136.86396409 7000.33 13543.531 1354353.097
hi10110521_4006700_032.fit 2455506.3766219 4006700 309 2010-11-05T21:02:16.634 136.86396409 7000.33 13765.211 1376521.053
hi10110521_4006800_032.fit 2455506.3974555 4006800 309 2010-11-05T21:32:16.656 136.819561 7000.33 13986.898 1398689.825
hi10110522_4006900_032.fit 2455506.4182892 4006900 309 2010-11-05T22:02:16.687 136.87876676 7000.33 14208.585 1420858.547
hi10110522_4007000_032.fit 2455506.4391216 4007000 309 2010-11-05T22:32:16.608 136.84916224 7000.33 14430.258 1443025.772
hi10110523_4007100_032.fit 2455506.4599554 4007100 309 2010-11-05T23:02:16.643 136.86396409 7000.33 14651.942 1465194.241
hi10110523_4007200_032.fit 2455506.480789 4007200 309 2010-11-05T23:32:16.665 136.84916224 7000.33 14873.624 1487362.411
hi10110600_4007300_032.fit 2455506.5016225 4007300 310 2010-11-06T00:02:16.684 136.87876676 7000.33 15095.304 1509530.377
hi10110600_4007400_032.fit 2455506.522455 4007400 310 2010-11-06T00:32:16.609 136.87876676 7000.33 15316.97 1531697.029
hi10110601_4007500_032.fit 2455506.5432886 4007500 310 2010-11-06T01:02:16.632 136.84916224 7000.33 15538.647 1553864.723
hi10110601_4007600_032.fit 2455506.5641223 4007600 310 2010-11-06T01:32:16.663 136.89357025 7000.33 15760.323 1576032.35
hi10110602_4007700_032.fit 2455506.5849547 4007700 310 2010-11-06T02:02:16.588 137.08609024 7000.33 15981.985 1598198.512
hi10110602_4007800_032.fit 2455506.6057884 4007800 310 2010-11-06T02:32:16.618 136.86396409 7000.33 16203.658 1620365.805
hi10110603_4007900_032.fit 2455506.626622 4007900 310 2010-11-06T03:02:16.641 136.86396409 7000.33 16425.328 1642532.831
hi10110603_4008000_032.fit 2455506.6474556 4008000 310 2010-11-06T03:32:16.668 136.86396409 7000.33 16646.997 1664699.733
hi10110604_4008100_032.fit 2455506.6682881 4008100 310 2010-11-06T04:02:16.593 136.90837456 7000.33 16868.652 1686865.209
hi10110604_4008200_032.fit 2455506.6891217 4008200 310 2010-11-06T04:32:16.616 136.819561 7000.33 17090.317 1709031.71
hi10110605_4008300_032.fit 2455506.7099554 4008300 310 2010-11-06T05:02:16.650 136.84916224 7000.33 17311.982 1731198.175
hi10110605_4008400_032.fit 2455506.7307879 4008400 310 2010-11-06T05:32:16.571 136.89357025 7000.33 17533.631 1753363.064
hi10110606_4008500_032.fit 2455506.7516215 4008500 310 2010-11-06T06:02:16.602 136.83436121 7000.33 17755.291 1775529.115
hi10110606_4008600_032.fit 2455506.7724551 4008600 310 2010-11-06T06:32:16.625 137.39737681 7000.33 17976.949 1797694.883
hi10110607_4008700_032.fit 2455506.7932889 4008700 310 2010-11-06T07:02:16.659 136.73077696 7000.33 18198.606 1819860.607
hi10110607_4008800_032.fit 2455506.8141213 4008800 310 2010-11-06T07:32:16.580 136.84916224 7000.33 18420.247 1842024.744
hi10110608_4008900_032.fit 2455506.8349549 4008900 310 2010-11-06T08:02:16.603 136.84916224 7000.33 18641.899 1864189.938
hi10110608_4009000_032.fit 2455506.8557886 4009000 310 2010-11-06T08:32:16.634 136.523729 7000.33 18863.55 1886355.033
hi10110609_4009100_032.fit 2455506.876621 4009100 310 2010-11-06T09:02:16.555 136.84916224 7000.33 19085.186 1908518.582
hi10110609_4009200_032.fit 2455506.8974547 4009200 310 2010-11-06T09:32:16.589 136.80476161 7000.33 19306.833 1930683.325
hi10110610_4009300_032.fit 2455506.9182883 4009300 310 2010-11-06T10:02:16.612 136.83436121 7000.33 19528.477 1952847.722
hi10110610_4009400_032.fit 2455506.939122 4009400 310 2010-11-06T10:32:16.643 136.83436121 7000.33 19750.12 1975012.009
hi10110611_4009500_032.fit 2455506.9599544 4009500 310 2010-11-06T11:02:16.564 136.84916224 7000.33 19971.747 1997174.741
hi10110611_4009600_032.fit 2455506.9807882 4009600 310 2010-11-06T11:32:16.598 136.84916224 7000.33 20193.387 2019338.659
hi10110612_4009700_032.fit 2455507.0016218 4009700 310 2010-11-06T12:02:16.621 136.86396409 7000.33 20415.022 2041502.22
hi10110612_4009800_032.fit 2455507.0224542 4009800 310 2010-11-06T12:32:16.542 136.83436121 7000.33 20636.643 2063664.316
hi10110613_4009900_032.fit 2455507.0432879 4009900 310 2010-11-06T13:02:16.573 136.819561 7000.33 20858.275 2085827.541
hi10110613_4010000_032.fit 2455507.0641215 4010000 310 2010-11-06T13:32:16.596 136.819561 7000.33 21079.905 2107990.451
hi10110614_4010100_032.fit 2455507.0849552 4010100 310 2010-11-06T14:02:16.630 136.86396409 7000.33 21301.533 2130153.284
