name // mid-observation time // exposure id // DOY // date // optical-bench temp // exposure time // pixel scale // distance to comet
hi10102516_4000001_017.fit 2455495.2005482 4000001 298 2010-10-25T16:48:41.363 137.24910001 12000.33 104801.913 10480191.307
hi10102517_4000003_017.fit 2455495.2213818 4000003 298 2010-10-25T17:18:41.387 137.20463296 12000.33 104582.665 10458266.462
hi10102517_4000005_017.fit 2455495.2422155 4000005 298 2010-10-25T17:48:41.419 137.21945449 12000.33 104363.405 10436340.493
hi10102518_4000007_017.fit 2455495.2630479 4000007 298 2010-10-25T18:18:41.341 137.21945449 12000.33 104144.148 10414414.831
hi10102518_4000009_017.fit 2455495.2838816 4000009 298 2010-10-25T18:48:41.373 137.21945449 12000.33 103924.868 10392486.813
hi10102519_4000011_017.fit 2455495.3047152 4000011 298 2010-10-25T19:18:41.397 137.21945449 12000.33 103705.579 10370557.867
hi10102519_4000013_017.fit 2455495.3255489 4000013 298 2010-10-25T19:48:41.421 137.23427684 12000.33 103486.279 10348627.9
hi10102520_4000015_017.fit 2455495.3463814 4000015 298 2010-10-25T20:18:41.356 137.21945449 12000.33 103266.98 10326698.01
hi10102520_4000017_017.fit 2455495.3672151 4000017 298 2010-10-25T20:48:41.387 137.21945449 12000.33 103047.659 10304765.912
hi10102521_4000019_017.fit 2455495.3880487 4000019 298 2010-10-25T21:18:41.412 137.21945449 12000.33 102828.329 10282832.895
hi10102521_4000021_017.fit 2455495.4088813 4000021 298 2010-10-25T21:48:41.342 137.21945449 12000.33 102609.0 10260900.008
hi10102522_4000023_017.fit 2455495.4297149 4000023 298 2010-10-25T22:18:41.366 137.23427684 12000.33 102389.65 10238964.967
hi10102522_4000025_017.fit 2455495.4505486 4000025 298 2010-10-25T22:48:41.402 137.21945449 12000.33 102170.288 10217028.773
hi10102523_4000027_017.fit 2455495.4713821 4000027 298 2010-10-25T23:18:41.414 137.21945449 12000.33 101950.919 10195091.858
hi10102523_4000029_017.fit 2455495.4922148 4000029 298 2010-10-25T23:48:41.356 137.21945449 12000.33 101731.548 10173154.794
hi10102500_4000031_017.fit 2455494.5095779 4000031 298 2010-10-25T00:13:41.533 137.24910001 12000.33 112067.589 11206758.928
hi10102500_4000033_017.fit 2455494.5304115 4000033 298 2010-10-25T00:43:41.553 137.24910001 12000.33 111848.693 11184869.261
hi10102501_4000035_017.fit 2455494.5512441 4000035 298 2010-10-25T01:13:41.491 137.263924 12000.33 111629.795 11162979.503
hi10102501_4000037_017.fit 2455494.5720778 4000037 298 2010-10-25T01:43:41.519 137.23427684 12000.33 111410.876 11141087.566
hi10102502_4000039_017.fit 2455494.5929114 4000039 298 2010-10-25T02:13:41.547 137.24910001 12000.33 111191.945 11119194.545
hi10102502_4000041_017.fit 2455494.6137439 4000041 298 2010-10-25T02:43:41.470 137.24910001 12000.33 110973.017 11097301.723
hi10102503_4000043_017.fit 2455494.6345776 4000043 298 2010-10-25T03:13:41.502 137.24910001 12000.33 110754.065 11075406.49
hi10102503_4000045_017.fit 2455494.6554112 4000045 298 2010-10-25T03:43:41.526 137.263924 12000.33 110535.103 11053510.272
hi10102504_4000047_017.fit 2455494.6762448 4000047 298 2010-10-25T04:13:41.550 137.263924 12000.33 110316.13 11031612.977
hi10102504_4000049_017.fit 2455494.6970775 4000049 298 2010-10-25T04:43:41.492 137.23427684 12000.33 110097.156 11009715.604
hi10102505_4000051_017.fit 2455494.7179112 4000051 298 2010-10-25T05:13:41.524 137.24910001 12000.33 109878.161 10987816.065
hi10102505_4000053_017.fit 2455494.7387446 4000053 298 2010-10-25T05:43:41.532 137.24910001 12000.33 109659.157 10965915.738
hi10102506_4000055_017.fit 2455494.7595772 4000055 298 2010-10-25T06:13:41.470 137.24910001 12000.33 109440.152 10944015.197
hi10102506_4000057_017.fit 2455494.7804109 4000057 298 2010-10-25T06:43:41.498 137.24910001 12000.33 109221.125 10922112.494
hi10102507_4000059_017.fit 2455494.8012445 4000059 298 2010-10-25T07:13:41.526 137.24910001 12000.33 109002.087 10900208.725
hi10102507_4000061_017.fit 2455494.822077 4000061 298 2010-10-25T07:43:41.453 137.263924 12000.33 108783.051 10878305.126
hi10102508_4000063_017.fit 2455494.8429107 4000063 298 2010-10-25T08:13:41.484 137.263924 12000.33 108563.992 10856399.181
hi10102615_4000001_017.fit 2455496.1554079 4000001 299 2010-10-26T15:43:41.242 137.21945449 12000.33 94742.895 9474289.452
hi10102616_4000003_017.fit 2455496.1762416 4000003 299 2010-10-26T16:13:41.274 137.20463296 12000.33 94523.193 9452319.329
hi10102616_4000005_017.fit 2455496.1970752 4000005 299 2010-10-26T16:43:41.298 137.18981225 12000.33 94303.484 9430348.361
hi10102617_4000007_017.fit 2455496.2179079 4000007 299 2010-10-26T17:13:41.240 137.21945449 12000.33 94083.775 9408377.455
hi10102617_4000009_017.fit 2455496.2387415 4000009 299 2010-10-26T17:43:41.264 137.23427684 12000.33 93864.046 9386404.61
hi10102618_4000011_017.fit 2455496.2595752 4000011 299 2010-10-26T18:13:41.296 137.20463296 12000.33 93644.307 9364430.735
hi10102618_4000013_017.fit 2455496.2804086 4000013 299 2010-10-26T18:43:41.301 137.23427684 12000.33 93424.563 9342456.26
hi10102619_4000015_017.fit 2455496.3012412 4000015 299 2010-10-26T19:13:41.243 137.21945449 12000.33 93204.816 9320481.617
hi10102619_4000017_017.fit 2455496.3220748 4000017 299 2010-10-26T19:43:41.267 137.20463296 12000.33 92985.05 9298505.043
hi10102620_4000019_017.fit 2455496.3429086 4000019 299 2010-10-26T20:13:41.299 137.24910001 12000.33 92765.274 9276527.447
hi10102620_4000021_017.fit 2455496.363741 4000021 299 2010-10-26T20:43:41.225 137.23427684 12000.33 92545.502 9254550.213
hi10102621_4000023_017.fit 2455496.3845747 4000023 299 2010-10-26T21:13:41.257 137.21945449 12000.33 92325.708 9232570.767
hi10102621_4000025_017.fit 2455496.4054083 4000025 299 2010-10-26T21:43:41.281 137.23427684 12000.33 92105.905 9210590.495
hi10102622_4000027_017.fit 2455496.426242 4000027 299 2010-10-26T22:13:41.305 137.21945449 12000.33 91886.093 9188609.304
hi10102622_4000029_017.fit 2455496.4470745 4000029 299 2010-10-26T22:43:41.235 137.21945449 12000.33 91666.283 9166628.34
hi10102600_4000031_017.fit 2455495.5130484 4000031 299 2010-10-26T00:18:41.380 137.23427684 12000.33 101512.157 10151215.727
hi10102623_4000031_017.fit 2455496.4679081 4000031_ 299 2010-10-26T23:13:41.259 137.21945449 12000.33 91446.453 9144645.315
hi10102600_4000033_017.fit 2455495.5338819 4000033 299 2010-10-26T00:48:41.400 137.23427684 12000.33 101292.757 10129275.705
hi10102623_4000033_017.fit 2455496.4887417 4000033_ 299 2010-10-26T23:43:41.280 137.21945449 12000.33 91226.614 9122661.424
hi10102601_4000035_017.fit 2455495.5547147 4000035 299 2010-10-26T01:18:41.346 137.21945449 12000.33 101073.356 10107335.588
hi10102601_4000037_017.fit 2455495.5755484 4000037 299 2010-10-26T01:48:41.378 137.18981225 12000.33 100853.934 10085393.425
hi10102602_4000039_017.fit 2455495.5963821 4000039 299 2010-10-26T02:18:41.410 137.24910001 12000.33 100634.503 10063450.267
hi10102602_4000041_017.fit 2455495.6172144 4000041 299 2010-10-26T02:48:41.325 137.24910001 12000.33 100415.075 10041507.542
hi10102603_4000043_017.fit 2455495.638048 4000043 299 2010-10-26T03:18:41.349 137.23427684 12000.33 100195.625 10019562.492
hi10102603_4000045_017.fit 2455495.6588817 4000045 299 2010-10-26T03:48:41.381 137.21945449 12000.33 99976.164 9997616.356
hi10102604_4000047_017.fit 2455495.6797152 4000047 299 2010-10-26T04:18:41.397 137.23427684 12000.33 99756.694 9975669.422
hi10102604_4000049_017.fit 2455495.700548 4000049 299 2010-10-26T04:48:41.347 137.23427684 12000.33 99537.223 9953722.311
hi10102605_4000051_017.fit 2455495.7213816 4000051 299 2010-10-26T05:18:41.371 137.23427684 12000.33 99317.733 9931773.31
hi10102605_4000053_017.fit 2455495.7422151 4000053 299 2010-10-26T05:48:41.387 137.23427684 12000.33 99098.234 9909823.421
hi10102606_4000055_017.fit 2455495.7630477 4000055 299 2010-10-26T06:18:41.317 137.23427684 12000.33 98878.736 9887873.599
hi10102606_4000057_017.fit 2455495.7838814 4000057 299 2010-10-26T06:48:41.349 137.23427684 12000.33 98659.216 9865921.56
hi10102607_4000059_017.fit 2455495.804715 4000059 299 2010-10-26T07:18:41.373 137.23427684 12000.33 98439.686 9843968.638
hi10102607_4000061_017.fit 2455495.8255474 4000061 299 2010-10-26T07:48:41.300 137.24910001 12000.33 98220.159 9822015.933
hi10102608_4000063_017.fit 2455495.8463811 4000063 299 2010-10-26T08:18:41.328 137.24910001 12000.33 98000.61 9800061.015
hi10102700_4000035_017.fit 2455496.5095742 4000035 300 2010-10-27T00:13:41.214 137.17499236 12000.33 91006.777 9100677.671
hi10102700_4000037_017.fit 2455496.530408 4000037 300 2010-10-27T00:43:41.250 137.21945449 12000.33 90786.918 9078691.768
hi10102701_4000039_017.fit 2455496.5512415 4000039 300 2010-10-27T01:13:41.270 137.23427684 12000.33 90567.051 9056705.148
hi10102701_4000041_017.fit 2455496.5720741 4000041 300 2010-10-27T01:43:41.204 137.20463296 12000.33 90347.187 9034718.672
hi10102702_4000043_017.fit 2455496.5929077 4000043 300 2010-10-27T02:13:41.228 137.20463296 12000.33 90127.302 9012730.194
hi10102702_4000045_017.fit 2455496.6137414 4000045 300 2010-10-27T02:43:41.260 137.21945449 12000.33 89907.407 8990740.72
hi10102703_4000047_017.fit 2455496.634575 4000047 300 2010-10-27T03:13:41.276 137.21945449 12000.33 89687.505 8968750.536
hi10102703_4000049_017.fit 2455496.6554077 4000049 300 2010-10-27T03:43:41.226 137.23427684 12000.33 89467.603 8946760.265
hi10102704_4000051_017.fit 2455496.6762413 4000051 300 2010-10-27T04:13:41.250 137.21945449 12000.33 89247.682 8924768.192
hi10102704_4000053_017.fit 2455496.6970748 4000053 300 2010-10-27T04:43:41.262 137.23427684 12000.33 89027.754 8902775.368
hi10102705_4000055_017.fit 2455496.7179074 4000055 300 2010-10-27T05:13:41.197 137.23427684 12000.33 88807.826 8880782.606
hi10102705_4000057_017.fit 2455496.7387411 4000057 300 2010-10-27T05:43:41.228 137.23427684 12000.33 88587.878 8858787.762
hi10102706_4000059_017.fit 2455496.7595747 4000059 300 2010-10-27T06:13:41.253 137.21945449 12000.33 88367.921 8836792.124
hi10102706_4000061_017.fit 2455496.7804073 4000061 300 2010-10-27T06:43:41.187 137.21945449 12000.33 88147.967 8814796.699
hi10102707_4000063_017.fit 2455496.8012409 4000063 300 2010-10-27T07:13:41.211 137.23427684 12000.33 87927.993 8792799.291
hi10111617_4100001_030.fit 2455517.2486046 4100001 320 2010-11-16T17:57:53.438 136.73077696 12000.33 128721.193 12872119.261
hi10111618_4100003_030.fit 2455517.2694383 4100003 320 2010-11-16T18:27:53.468 136.74557225 12000.33 128939.1 12893909.987
hi10111618_4100005_030.fit 2455517.290272 4100005 320 2010-11-16T18:57:53.501 136.71598249 12000.33 129156.995 12915699.506
hi10111619_4100007_030.fit 2455517.3111055 4100007 320 2010-11-16T19:27:53.519 136.74557225 12000.33 129374.876 12937487.577
hi10111619_4100009_030.fit 2455517.3319381 4100009 320 2010-11-16T19:57:53.451 136.74557225 12000.33 129592.733 12959273.349
hi10111620_4100011_030.fit 2455517.3527718 4100011 320 2010-11-16T20:27:53.484 136.77516529 12000.33 129810.591 12981059.089
hi10111620_4200001_030.fit 2455517.3736053 4200001 320 2010-11-16T20:57:53.494 136.71598249 12000.33 130028.433 13002843.283
hi10111621_4200003_030.fit 2455517.3944378 4200003 320 2010-11-16T21:27:53.426 136.71598249 12000.33 130246.253 13024625.266
hi10111621_4200005_030.fit 2455517.4152714 4200005 320 2010-11-16T21:57:53.448 136.73077696 12000.33 130464.071 13046407.071
hi10111622_4200007_030.fit 2455517.4361051 4200007 320 2010-11-16T22:27:53.481 136.71598249 12000.33 130681.877 13068187.748
hi10111622_4200009_030.fit 2455517.4569375 4200009 320 2010-11-16T22:57:53.401 136.71598249 12000.33 130899.658 13089965.786
hi10111623_4200011_030.fit 2455517.4777711 4200011 320 2010-11-16T23:27:53.427 136.71598249 12000.33 131117.438 13111743.827
hi10111623_4300001_030.fit 2455517.4986048 4300001 320 2010-11-16T23:57:53.456 136.71598249 12000.33 131335.206 13133520.643
hi10111709_4100001_030.fit 2455517.8770756 4100001 321 2010-11-17T09:02:53.333 136.70118884 12000.33 135289.011 13528901.06
hi10111709_4100003_030.fit 2455517.8979092 4100003 321 2010-11-17T09:32:53.356 136.71598249 12000.33 135506.53 13550653.044
hi10111710_4100005_030.fit 2455517.9187428 4100005 321 2010-11-17T10:02:53.378 136.71598249 12000.33 135724.037 13572403.719
hi10111710_4100007_030.fit 2455517.9395765 4100007 321 2010-11-17T10:32:53.409 136.70118884 12000.33 135941.532 13594153.178
hi10111711_4100009_030.fit 2455517.960409 4100009 321 2010-11-17T11:02:53.334 136.71598249 12000.33 136159.001 13615900.051
hi10111711_4100011_030.fit 2455517.9812426 4100011 321 2010-11-17T11:32:53.364 136.68639601 12000.33 136376.469 13637646.884
hi10111712_4200001_030.fit 2455518.0020762 4200001 321 2010-11-17T12:02:53.386 136.59765625 12000.33 136593.923 13659392.307
hi10111712_4200003_030.fit 2455518.0229087 4200003 321 2010-11-17T12:32:53.311 136.70118884 12000.33 136811.352 13681135.233
hi10111713_4200005_030.fit 2455518.0437424 4200005 321 2010-11-17T13:02:53.342 136.68639601 12000.33 137028.781 13702878.114
hi10111713_4200007_030.fit 2455518.064576 4200007 321 2010-11-17T13:32:53.364 136.70118884 12000.33 137246.196 13724619.58
hi10111714_4200009_030.fit 2455518.0854085 4200009 321 2010-11-17T14:02:53.297 136.73077696 12000.33 137463.586 13746358.638
hi10111714_4200011_030.fit 2455518.1062421 4200011 321 2010-11-17T14:32:53.320 136.70118884 12000.33 137680.975 13768097.457
hi10111715_4300001_030.fit 2455518.1270757 4300001 321 2010-11-17T15:02:53.342 136.68639601 12000.33 137898.35 13789834.95
hi10111700_4300003_030.fit 2455517.5194372 4300003 321 2010-11-17T00:27:53.376 136.74557225 12000.33 131552.949 13155294.859
hi10111715_4300003_030.fit 2455518.1479083 4300003_ 321 2010-11-17T15:32:53.275 136.71598249 12000.33 138115.7 13811570.031
hi10111700_4300005_030.fit 2455517.5402709 4300005 321 2010-11-17T00:57:53.409 136.73077696 12000.33 131770.692 13177069.17
hi10111716_4300005_030.fit 2455518.1687419 4300005_ 321 2010-11-17T16:02:53.297 136.44982225 12000.33 138333.049 13833304.867
hi10111701_4300007_030.fit 2455517.5611045 4300007 321 2010-11-17T01:27:53.431 136.71598249 12000.33 131988.421 13198842.059
hi10111716_4300007_030.fit 2455518.1895755 4300007_ 321 2010-11-17T16:32:53.320 136.68639601 12000.33 138550.384 13855038.373
hi10111701_4300009_030.fit 2455517.5819369 4300009 321 2010-11-17T01:57:53.351 136.74557225 12000.33 132206.124 13220612.44
hi10111717_4300009_030.fit 2455518.210408 4300009_ 321 2010-11-17T17:02:53.253 136.71598249 12000.33 138767.695 13876769.461
hi10111702_4300011_030.fit 2455517.6027707 4300011 321 2010-11-17T02:27:53.385 136.71598249 12000.33 132423.829 13242382.909
hi10111717_4300011_030.fit 2455518.2312416 4300011_ 321 2010-11-17T17:32:53.275 136.44982225 12000.33 138985.003 13898500.299
hi10111702_4400001_030.fit 2455517.6236042 4400001 321 2010-11-17T02:57:53.406 136.70118884 12000.33 132641.52 13264151.951
hi10111718_4400001_030.fit 2455518.2520753 4400001_ 321 2010-11-17T18:02:53.309 136.59765625 12000.33 139202.299 13920229.942
hi10111703_4400003_030.fit 2455517.6444367 4400003 321 2010-11-17T03:27:53.327 136.71598249 12000.33 132859.185 13285918.487
hi10111718_4400003_030.fit 2455518.2729077 4400003_ 321 2010-11-17T18:32:53.229 137.44187584 12000.33 139419.569 13941956.858
hi10111703_4400005_030.fit 2455517.6652704 4400005 321 2010-11-17T03:57:53.361 136.74557225 12000.33 133076.851 13307685.109
hi10111719_4400005_030.fit 2455518.2937413 4400005_ 321 2010-11-17T19:02:53.245 136.70118884 12000.33 139636.836 13963683.61
hi10111704_4400007_030.fit 2455517.686104 4400007 321 2010-11-17T04:27:53.384 136.73077696 12000.33 133294.503 13329450.3
hi10111719_4400007_030.fit 2455518.3145749 4400007_ 321 2010-11-17T19:32:53.273 136.73077696 12000.33 139854.092 13985409.162
hi10111704_4400009_030.fit 2455517.7069365 4400009 321 2010-11-17T04:57:53.316 136.71598249 12000.33 133512.131 13351213.113
hi10111720_4400009_030.fit 2455518.3354073 4400009_ 321 2010-11-17T20:02:53.188 136.73077696 12000.33 140071.32 14007132.004
hi10111705_4400011_030.fit 2455517.7277701 4400011 321 2010-11-17T05:27:53.339 136.71598249 12000.33 133729.757 13372975.72
hi10111720_4400011_030.fit 2455518.3562408 4400011_ 321 2010-11-17T20:32:53.205 136.68639601 12000.33 140288.547 14028854.73
hi10111705_4500001_030.fit 2455517.7486037 4500001 321 2010-11-17T05:57:53.361 136.70118884 12000.33 133947.37 13394737.033
hi10111721_4500001_030.fit 2455518.3770745 4500001_ 321 2010-11-17T21:02:53.238 136.671604 12000.33 140505.763 14050576.31
hi10111706_4500003_030.fit 2455517.7694363 4500003 321 2010-11-17T06:27:53.294 136.73077696 12000.33 134164.96 13416495.963
hi10111721_4500003_030.fit 2455518.3979069 4500003_ 321 2010-11-17T21:32:53.159 136.68639601 12000.33 140722.952 14072295.175
hi10111706_4500005_030.fit 2455517.7902699 4500005 321 2010-11-17T06:57:53.317 136.70118884 12000.33 134382.547 13438254.681
hi10111722_4500005_030.fit 2455518.4187406 4500005_ 321 2010-11-17T22:02:53.192 136.71598249 12000.33 140940.141 14094014.058
hi10111707_4500007_030.fit 2455517.8111036 4500007 321 2010-11-17T07:27:53.347 136.71598249 12000.33 134600.122 13460012.194
hi10111722_4500007_030.fit 2455518.4395742 4500007_ 321 2010-11-17T22:32:53.214 136.70118884 12000.33 141157.314 14115731.448
hi10111707_4500009_030.fit 2455517.831936 4500009 321 2010-11-17T07:57:53.272 136.76036836 12000.33 134817.671 13481767.13
hi10111723_4500009_030.fit 2455518.4604066 4500009_ 321 2010-11-17T23:02:53.134 136.68639601 12000.33 141374.463 14137446.259
hi10111708_4500011_030.fit 2455517.8527696 4500011 321 2010-11-17T08:27:53.295 136.68639601 12000.33 135035.219 13503521.944
hi10111723_4500011_030.fit 2455518.4812404 4500011_ 321 2010-11-17T23:32:53.167 136.70118884 12000.33 141591.611 14159161.083
